0.01 0.0725 0.14 0.2125 0.29 0.3725 0.46 0.5525 0.65 0.7525 0.86 0.9725 1.09 1.2125 1.34 1.4725 1.61 1.7525 1.9 2.0525 2.21 
-0.0232054 0.039362 0.106862 0.179362 0.256862 0.339362 0.426862 0.519362 0.616862 0.719362 0.826862 0.939362 1.05686 1.17936 1.30686 1.43936 1.57686 1.71936 1.86686 2.01936 2.17686 
-0.0563953 0.00622994 0.0737318 0.146232 0.223732 0.306232 0.393732 0.486232 0.583732 0.686232 0.793732 0.906232 1.02373 1.14623 1.27373 1.40623 1.54373 1.68623 1.83373 1.98623 2.14373 
-0.0895542 -0.0268805 0.0406248 0.113125 0.190625 0.273125 0.360625 0.453125 0.550625 0.653125 0.760625 0.873125 0.990625 1.11312 1.24062 1.37312 1.51062 1.65312 1.80062 1.95312 2.11062 
-0.122667 -0.0599536 0.0075564 0.0800566 0.157557 0.240057 0.327557 0.420057 0.517557 0.620057 0.727557 0.840057 0.957557 1.08006 1.20756 1.34006 1.47756 1.62006 1.76756 1.92006 2.07756 
-0.155717 -0.0929737 -0.025458 0.0470425 0.124543 0.207043 0.294543 0.387043 0.484543 0.587043 0.694543 0.807043 0.924543 1.04704 1.17454 1.30704 1.44454 1.58704 1.73454 1.88704 2.04454 
-0.188691 -0.125925 -0.058403 0.0140979 0.0915979 0.174098 0.261598 0.354098 0.451598 0.554098 0.661598 0.774098 0.891598 1.0141 1.1416 1.2741 1.4116 1.5541 1.7016 1.8541 2.0116 
-0.221572 -0.158792 -0.0912633 -0.0187618 0.0587382 0.141238 0.228738 0.321238 0.418738 0.521238 0.628738 0.741238 0.858738 0.981238 1.10874 1.24124 1.37874 1.52124 1.66874 1.82124 1.97874 
-0.254345 -0.19156 -0.124024 -0.0515216 0.0259785 0.108479 0.195979 0.288479 0.385979 0.488479 0.595979 0.708479 0.825979 0.948479 1.07598 1.20848 1.34598 1.48848 1.63598 1.78848 1.94598 
-0.286996 -0.224212 -0.156669 -0.0841661 -0.00666594 0.0758341 0.163334 0.255834 0.353334 0.455834 0.563334 0.675834 0.793334 0.915834 1.04333 1.17583 1.31333 1.45583 1.60333 1.75583 1.91333 
-0.319508 -0.256734 -0.189185 -0.11668 -0.0391802 0.0433198 0.13082 0.22332 0.32082 0.42332 0.53082 0.64332 0.76082 0.88332 1.01082 1.14332 1.28082 1.42332 1.57082 1.72332 1.88082 
-0.351869 -0.289111 -0.221555 -0.14905 -0.0715494 0.0109506 0.0984506 0.190951 0.288451 0.390951 0.498451 0.610951 0.728451 0.850951 0.978451 1.11095 1.24845 1.39095 1.53845 1.69095 1.84845 
-0.384062 -0.321328 -0.253766 -0.181259 -0.103759 -0.0212587 0.0662413 0.158741 0.256241 0.358741 0.466241 0.578741 0.696241 0.818741 0.946241 1.07874 1.21624 1.35874 1.50624 1.65874 1.81624 
-0.416074 -0.353369 -0.285803 -0.213294 -0.135794 -0.0532936 0.0342064 0.126706 0.224206 0.326706 0.434206 0.546706 0.664206 0.786706 0.914206 1.04671 1.18421 1.32671 1.47421 1.62671 1.78421 
-0.44789 -0.385221 -0.317651 -0.245141 -0.16764 -0.0851396 0.00236038 0.0948604 0.19236 0.29486 0.40236 0.51486 0.63236 0.75486 0.88236 1.01486 1.15236 1.29486 1.44236 1.59486 1.75236 
-0.479495 -0.416869 -0.349296 -0.276784 -0.199283 -0.116783 -0.0292826 0.0632174 0.160717 0.263217 0.370717 0.483217 0.600717 0.723217 0.850717 0.983217 1.12072 1.26322 1.41072 1.56322 1.72072 
-0.510877 -0.448298 -0.380724 -0.30821 -0.230709 -0.148209 -0.0607085 0.0317915 0.129291 0.231791 0.339291 0.451791 0.569291 0.691791 0.819291 0.951791 1.08929 1.23179 1.37929 1.53179 1.68929 
-0.542021 -0.479495 -0.411921 -0.339405 -0.261904 -0.179404 -0.0919035 0.000596496 0.0980965 0.200596 0.308096 0.420596 0.538096 0.660596 0.788096 0.920596 1.0581 1.2006 1.3481 1.5006 1.6581 
-0.572913 -0.510447 -0.442873 -0.370356 -0.292854 -0.210354 -0.122854 -0.030354 0.067146 0.169646 0.277146 0.389646 0.507146 0.629646 0.757146 0.889646 1.02715 1.16965 1.31715 1.46965 1.62715 
-0.603542 -0.541138 -0.473568 -0.40105 -0.323547 -0.241047 -0.153547 -0.0610467 0.0364533 0.138953 0.246453 0.358953 0.476453 0.598953 0.726453 0.858953 0.996453 1.13895 1.28645 1.43895 1.59645 
-0.633893 -0.571557 -0.503992 -0.431472 -0.353969 -0.271468 -0.183968 -0.0914684 0.00603157 0.108532 0.216032 0.328532 0.446032 0.568532 0.696032 0.828532 0.966032 1.10853 1.25603 1.40853 1.56603 
-0.663954 -0.601691 -0.534132 -0.46161 -0.384107 -0.301606 -0.214106 -0.121606 -0.0241064 0.0783936 0.185894 0.298394 0.415894 0.538394 0.665894 0.798394 0.935894 1.07839 1.22589 1.37839 1.53589 
-0.693712 -0.631526 -0.563975 -0.491453 -0.413949 -0.331448 -0.243948 -0.151448 -0.0539482 0.0485518 0.156052 0.268552 0.386052 0.508552 0.636052 0.768552 0.906052 1.04855 1.19605 1.34855 1.50605 
-0.723156 -0.66105 -0.59351 -0.520987 -0.443482 -0.360981 -0.273481 -0.180981 -0.0834814 0.0190186 0.126519 0.239019 0.356519 0.479019 0.606519 0.739019 0.876519 1.01902 1.16652 1.31902 1.47652 
-0.752274 -0.690252 -0.622723 -0.5502 -0.472695 -0.390194 -0.302694 -0.210194 -0.112694 -0.0101941 0.0973059 0.209806 0.327306 0.449806 0.577306 0.709806 0.847306 0.989806 1.13731 1.28981 1.44731 
-0.781053 -0.719119 -0.651605 -0.579081 -0.501576 -0.419075 -0.331575 -0.239075 -0.141575 -0.0390747 0.0684253 0.180925 0.298425 0.420925 0.548425 0.680925 0.818425 0.960925 1.10843 1.26093 1.41843 
-0.809484 -0.747641 -0.680142 -0.607619 -0.530113 -0.447612 -0.360112 -0.267612 -0.170112 -0.0676119 0.0398881 0.152388 0.269888 0.392388 0.519888 0.652388 0.789888 0.932388 1.07989 1.23239 1.38989 
-0.837556 -0.775805 -0.708325 -0.635803 -0.558296 -0.475795 -0.388295 -0.295795 -0.198295 -0.0957947 0.0117053 0.124205 0.241705 0.364205 0.491705 0.624205 0.761705 0.904205 1.05171 1.20421 1.36171 
-0.865257 -0.803602 -0.736143 -0.663621 -0.586114 -0.503613 -0.416113 -0.323613 -0.226113 -0.123613 -0.0161126 0.0963874 0.213887 0.336387 0.463887 0.596387 0.733887 0.876387 1.02389 1.17639 1.33389 
-0.892578 -0.831021 -0.763584 -0.691064 -0.613557 -0.531055 -0.443555 -0.351055 -0.253555 -0.151055 -0.0435552 0.0689448 0.186445 0.308945 0.436445 0.568945 0.706445 0.848945 0.996445 1.14894 1.30644 
-0.919508 -0.858052 -0.79064 -0.718122 -0.640615 -0.558113 -0.470613 -0.378113 -0.280613 -0.178113 -0.0706128 0.0418872 0.159387 0.281887 0.409387 0.541887 0.679387 0.821887 0.969387 1.12189 1.27939 
-0.94604 -0.884686 -0.8173 -0.744786 -0.667278 -0.584776 -0.497276 -0.404776 -0.307276 -0.204776 -0.0972757 0.0152243 0.132724 0.255224 0.382724 0.515224 0.652724 0.795224 0.942724 1.09522 1.25272 
-0.972164 -0.910913 -0.843556 -0.771045 -0.693537 -0.611035 -0.523535 -0.431035 -0.333535 -0.231035 -0.123535 -0.0110348 0.106465 0.228965 0.356465 0.488965 0.626465 0.768965 0.916465 1.06897 1.22647 
-0.997871 -0.936725 -0.869399 -0.796892 -0.719384 -0.636882 -0.549382 -0.456882 -0.359382 -0.256882 -0.149382 -0.0368816 0.0806184 0.203118 0.330618 0.463118 0.600618 0.743118 0.890618 1.04312 1.20062 
-1.02315 -0.962113 -0.89482 -0.822319 -0.74481 -0.662308 -0.574808 -0.482308 -0.384808 -0.282308 -0.174808 -0.0623076 0.0551924 0.177692 0.305192 0.437692 0.575192 0.717692 0.865192 1.01769 1.17519 
-1.048 -0.987069 -0.919812 -0.847316 -0.769808 -0.687305 -0.599805 -0.507305 -0.409805 -0.307305 -0.199805 -0.087305 0.030195 0.152695 0.280195 0.412695 0.550195 0.692695 0.840195 0.992695 1.1502 
-1.07241 -1.01159 -0.944366 -0.871877 -0.794369 -0.711867 -0.624366 -0.531866 -0.434366 -0.331866 -0.224366 -0.111866 0.00563377 0.128134 0.255634 0.388134 0.525634 0.668134 0.815634 0.968134 1.12563 
-1.09638 -1.03566 -0.968476 -0.895995 -0.818488 -0.735985 -0.648484 -0.555984 -0.458484 -0.355984 -0.248484 -0.135984 -0.0184844 0.104016 0.231516 0.364016 0.501516 0.644016 0.791516 0.944016 1.10152 
-1.11989 -1.05928 -0.992136 -0.919663 -0.842156 -0.759653 -0.672153 -0.579653 -0.482153 -0.379653 -0.272153 -0.159653 -0.0421527 0.0803473 0.207847 0.340347 0.477847 0.620347 0.767847 0.920347 1.07785 
-1.14294 -1.08244 -1.01534 -0.942875 -0.865369 -0.782866 -0.695365 -0.602865 -0.505365 -0.402865 -0.295365 -0.182865 -0.0653652 0.0571348 0.184635 0.317135 0.454635 0.597135 0.744635 0.897135 1.05463 
-1.16553 -1.10513 -1.03808 -0.965624 -0.88812 -0.805617 -0.718116 -0.625616 -0.528116 -0.425616 -0.318116 -0.205616 -0.0881161 0.0343839 0.161884 0.294384 0.431884 0.574384 0.721884 0.874384 1.03188 
-1.18765 -1.12736 -1.06035 -0.987907 -0.910404 -0.827901 -0.7404 -0.6479 -0.5504 -0.4479 -0.3404 -0.2279 -0.1104 0.0120999 0.1396 0.2721 0.4096 0.5521 0.6996 0.8521 1.0096 
-1.20929 -1.14911 -1.08215 -1.00972 -0.932217 -0.849714 -0.762213 -0.669713 -0.572213 -0.469713 -0.362213 -0.249713 -0.132213 -0.00971252 0.117787 0.250287 0.387787 0.530287 0.677787 0.830287 0.987787 
-1.23046 -1.17038 -1.10347 -1.03105 -0.953553 -0.87105 -0.783549 -0.691049 -0.593549 -0.491049 -0.383549 -0.271049 -0.153549 -0.0310489 0.0964511 0.228951 0.366451 0.508951 0.656451 0.808951 0.966451 
-1.25114 -1.19117 -1.12431 -1.05191 -0.97441 -0.891907 -0.804406 -0.711906 -0.614406 -0.511906 -0.404406 -0.291906 -0.174406 -0.0519055 0.0755945 0.208094 0.345594 0.488094 0.635594 0.788094 0.945594 
-1.27134 -1.21147 -1.14466 -1.07228 -0.994783 -0.91228 -0.824779 -0.732279 -0.634779 -0.532279 -0.424779 -0.312279 -0.194779 -0.0722789 0.0552211 0.187721 0.325221 0.467721 0.615221 0.767721 0.925221 
-1.29106 -1.23128 -1.16453 -1.09216 -1.01467 -0.932168 -0.844666 -0.752166 -0.654666 -0.552166 -0.444666 -0.332166 -0.214666 -0.0921662 0.0353338 0.167834 0.305334 0.447834 0.595334 0.747834 0.905334 
-1.31028 -1.25061 -1.18391 -1.11156 -1.03407 -0.951566 -0.864065 -0.771565 -0.674065 -0.571565 -0.464065 -0.351565 -0.234065 -0.111565 0.0159351 0.148435 0.285935 0.428435 0.575935 0.728435 0.885935 
-1.32901 -1.26944 -1.2028 -1.13046 -1.05298 -0.970475 -0.882974 -0.790473 -0.692973 -0.590473 -0.482973 -0.370473 -0.252973 -0.130473 -0.00297315 0.129527 0.267027 0.409527 0.557027 0.709527 0.867027 
-1.34725 -1.28777 -1.22119 -1.14887 -1.07139 -0.988891 -0.90139 -0.80889 -0.711389 -0.608889 -0.501389 -0.388889 -0.271389 -0.148889 -0.0213895 0.111111 0.248611 0.391111 0.538611 0.691111 0.848611 
-1.365 -1.30561 -1.23909 -1.16679 -1.08932 -1.00681 -0.919313 -0.826813 -0.729313 -0.626813 -0.519313 -0.406813 -0.289313 -0.166813 -0.0393129 0.0931871 0.230687 0.373187 0.520687 0.673187 0.830687 
-1.38225 -1.32295 -1.25649 -1.18421 -1.10674 -1.02424 -0.936743 -0.844243 -0.746743 -0.644243 -0.536743 -0.424243 -0.306743 -0.184243 -0.0567429 0.0757571 0.213257 0.355757 0.503257 0.655757 0.813257 
-1.39901 -1.3398 -1.2734 -1.20115 -1.12368 -1.04118 -0.95368 -0.86118 -0.763679 -0.661179 -0.553679 -0.441179 -0.323679 -0.201179 -0.0736795 0.0588205 0.196321 0.338821 0.486321 0.638821 0.796321 
-1.41528 -1.35615 -1.28981 -1.21758 -1.14012 -1.05762 -0.970124 -0.877623 -0.780123 -0.677623 -0.570123 -0.457623 -0.340123 -0.217623 -0.0901231 0.0423769 0.179877 0.322377 0.469877 0.622377 0.779877 
-1.43106 -1.37201 -1.30573 -1.23353 -1.15607 -1.07358 -0.986075 -0.893575 -0.796075 -0.693575 -0.586075 -0.473575 -0.356075 -0.233575 -0.106075 0.0264251 0.163925 0.306425 0.453925 0.606425 0.763925 
-1.44634 -1.38737 -1.32116 -1.24898 -1.17153 -1.08904 -1.00154 -0.909036 -0.811536 -0.709036 -0.601536 -0.489036 -0.371536 -0.249036 -0.121536 0.0109638 0.148464 0.290964 0.438464 0.590964 0.748464 
-1.46114 -1.40225 -1.33609 -1.26394 -1.1865 -1.10401 -1.01651 -0.924009 -0.826509 -0.724009 -0.616509 -0.504009 -0.386509 -0.264009 -0.136509 -0.0040089 0.133491 0.275991 0.423491 0.575991 0.733491 
-1.47546 -1.41663 -1.35054 -1.27842 -1.20099 -1.1185 -1.031 -0.938496 -0.840996 -0.738496 -0.630996 -0.518496 -0.400996 -0.278496 -0.150996 -0.0184955 0.119004 0.261504 0.409004 0.561504 0.719004 
-1.48929 -1.43053 -1.36451 -1.29241 -1.21499 -1.1325 -1.045 -0.952499 -0.854999 -0.752499 -0.644999 -0.532499 -0.414999 -0.292499 -0.164999 -0.0324989 0.105001 0.247501 0.395001 0.547501 0.705001 
-1.50265 -1.44395 -1.37799 -1.30592 -1.22851 -1.14602 -1.05852 -0.966023 -0.868523 -0.766023 -0.658523 -0.546023 -0.428523 -0.306023 -0.178523 -0.0460225 0.0914775 0.233977 0.381477 0.533977 0.691477 
-1.51553 -1.45689 -1.39099 -1.31896 -1.24156 -1.15907 -1.07157 -0.97907 -0.88157 -0.77907 -0.67157 -0.55907 -0.44157 -0.31907 -0.19157 -0.0590701 0.0784299 0.22093 0.36843 0.52093 0.67843 
-1.52794 -1.46936 -1.40352 -1.33152 -1.25413 -1.17165 -1.08415 -0.991646 -0.894146 -0.791646 -0.684146 -0.571646 -0.454146 -0.331646 -0.204146 -0.0716461 0.0658539 0.208354 0.355854 0.508354 0.665854 
-1.53989 -1.48136 -1.41559 -1.34362 -1.26624 -1.18375 -1.09626 -1.00376 -0.906255 -0.803755 -0.696255 -0.583755 -0.466255 -0.343755 -0.216255 -0.0837552 0.0537448 0.196245 0.343745 0.496245 0.653745 
-1.55138 -1.4929 -1.42719 -1.35525 -1.27788 -1.1954 -1.1079 -1.0154 -0.917903 -0.815403 -0.707903 -0.595403 -0.477903 -0.355403 -0.227903 -0.0954027 0.0420973 0.184597 0.332097 0.484597 0.642097 
-1.56241 -1.50398 -1.43833 -1.36643 -1.28907 -1.20659 -1.11909 -1.02659 -0.929094 -0.826594 -0.719094 -0.606594 -0.489094 -0.366594 -0.239094 -0.106594 0.0309056 0.173406 0.320906 0.473406 0.630906 
-1.573 -1.5146 -1.44902 -1.37715 -1.29981 -1.21733 -1.12984 -1.03734 -0.939836 -0.837336 -0.729836 -0.617336 -0.499836 -0.377336 -0.249836 -0.117336 0.0201638 0.162664 0.310164 0.462664 0.620164 
-1.58315 -1.52479 -1.45926 -1.38743 -1.3101 -1.22763 -1.14014 -1.04764 -0.950135 -0.847635 -0.740135 -0.627635 -0.510135 -0.387635 -0.260135 -0.127635 0.00986503 0.152365 0.299865 0.452365 0.609865 
-1.59287 -1.53453 -1.46907 -1.39728 -1.31996 -1.23749 -1.15 -1.0575 -0.959998 -0.857498 -0.749998 -0.637498 -0.519998 -0.397498 -0.269998 -0.137498 2.40011e-06 0.142502 0.290002 0.442502 0.600002 
-1.60216 -1.54385 -1.47845 -1.40669 -1.32939 -1.24693 -1.15943 -1.06693 -0.969432 -0.866932 -0.759432 -0.646932 -0.529432 -0.406932 -0.279432 -0.146932 -0.0094316 0.133068 0.280568 0.433068 0.590568 
-1.61104 -1.55275 -1.4874 -1.41568 -1.3384 -1.25594 -1.16844 -1.07595 -0.978445 -0.875945 -0.768445 -0.655945 -0.538445 -0.415945 -0.288445 -0.155945 -0.0184448 0.124055 0.271555 0.424055 0.581555 
-1.61951 -1.56123 -1.49594 -1.42426 -1.34699 -1.26454 -1.17705 -1.08455 -0.987046 -0.884546 -0.777046 -0.664546 -0.547046 -0.424546 -0.297046 -0.164546 -0.0270457 0.115454 0.262954 0.415454 0.572954 
-1.62758 -1.56931 -1.50408 -1.43244 -1.35518 -1.27273 -1.18524 -1.09274 -0.995243 -0.892743 -0.785243 -0.672743 -0.555243 -0.432743 -0.305243 -0.172743 -0.0352428 0.107257 0.254757 0.407257 0.564757 
-1.63526 -1.57699 -1.51182 -1.44021 -1.36298 -1.28054 -1.19304 -1.10055 -1.00305 -0.900545 -0.793045 -0.680545 -0.563045 -0.440545 -0.313045 -0.180545 -0.0430452 0.0994548 0.246955 0.399455 0.556955 
-1.64256 -1.58429 -1.51917 -1.44761 -1.37039 -1.28795 -1.20046 -1.10796 -1.01046 -0.907963 -0.800463 -0.687963 -0.570463 -0.447963 -0.320463 -0.187963 -0.0504626 0.0920374 0.239537 0.392037 0.549537 
-1.64948 -1.59122 -1.52614 -1.45462 -1.37742 -1.29499 -1.2075 -1.115 -1.0175 -0.915005 -0.807505 -0.695005 -0.577505 -0.455005 -0.327505 -0.195005 -0.0575047 0.0849953 0.232495 0.384995 0.542495 
-1.65605 -1.59777 -1.53275 -1.46127 -1.38409 -1.30167 -1.21418 -1.12168 -1.02418 -0.921682 -0.814182 -0.701682 -0.584182 -0.461682 -0.334182 -0.201682 -0.0641819 0.0783181 0.225818 0.378318 0.535818 
-1.66227 -1.60398 -1.53901 -1.46757 -1.3904 -1.30799 -1.2205 -1.128 -1.0305 -0.928005 -0.820505 -0.708005 -0.590505 -0.468005 -0.340505 -0.208005 -0.0705047 0.0719953 0.219495 0.371995 0.529495 
-1.66816 -1.60984 -1.54491 -1.47352 -1.39637 -1.31396 -1.22648 -1.13398 -1.03648 -0.933984 -0.826484 -0.713984 -0.596484 -0.473984 -0.346484 -0.213984 -0.0764841 0.0660159 0.213516 0.366016 0.523516 
-1.67371 -1.61537 -1.55049 -1.47913 -1.40201 -1.31961 -1.23213 -1.13963 -1.04213 -0.939631 -0.832131 -0.719631 -0.602131 -0.479631 -0.352131 -0.219631 -0.0821314 0.0603686 0.207869 0.360369 0.517869 
-1.67895 -1.62058 -1.55574 -1.48443 -1.40733 -1.32493 -1.23745 -1.14496 -1.04746 -0.944958 -0.837458 -0.724958 -0.607458 -0.484958 -0.357458 -0.224958 -0.0874582 0.0550418 0.202542 0.355042 0.512542 
-1.68389 -1.62548 -1.56069 -1.48941 -1.41233 -1.32995 -1.24247 -1.14998 -1.05248 -0.949976 -0.842476 -0.729976 -0.612476 -0.489976 -0.362476 -0.229976 -0.0924764 0.0500236 0.197524 0.350024 0.507524 
-1.68854 -1.63009 -1.56533 -1.4941 -1.41704 -1.33467 -1.24719 -1.1547 -1.0572 -0.954698 -0.847198 -0.734698 -0.617198 -0.494698 -0.367198 -0.234698 -0.0971984 0.0453016 0.192802 0.345302 0.502802 
-1.69291 -1.63442 -1.56969 -1.4985 -1.42147 -1.3391 -1.25163 -1.15914 -1.06164 -0.959137 -0.851637 -0.739137 -0.621637 -0.499137 -0.371637 -0.239137 -0.101637 0.0408633 0.188363 0.340863 0.498363 
-1.69702 -1.63847 -1.57378 -1.50263 -1.42562 -1.34327 -1.2558 -1.1633 -1.0658 -0.963304 -0.855804 -0.743304 -0.625804 -0.503304 -0.375804 -0.243304 -0.105804 0.036696 0.184196 0.336696 0.494196 
-1.70088 -1.64227 -1.57762 -1.50651 -1.42952 -1.34717 -1.25971 -1.16721 -1.06971 -0.967214 -0.859714 -0.747214 -0.629714 -0.507214 -0.379714 -0.247214 -0.109714 0.0327865 0.180286 0.332786 0.490286 
-1.7045 -1.64583 -1.5812 -1.51013 -1.43317 -1.35083 -1.26337 -1.17088 -1.07338 -0.970879 -0.863379 -0.750879 -0.633379 -0.510879 -0.383379 -0.250879 -0.113379 0.0291215 0.176621 0.329121 0.486621 
-1.70789 -1.64915 -1.58455 -1.51353 -1.43659 -1.35426 -1.2668 -1.17431 -1.07681 -0.974313 -0.866813 -0.754313 -0.636813 -0.514313 -0.386813 -0.254313 -0.116813 0.0256874 0.173187 0.325687 0.483187 
-1.71107 -1.65226 -1.58769 -1.5167 -1.43979 -1.35747 -1.27002 -1.17753 -1.08003 -0.97753 -0.87003 -0.75753 -0.64003 -0.51753 -0.39003 -0.25753 -0.12003 0.0224704 0.16997 0.32247 0.47997 
-1.71406 -1.65518 -1.59062 -1.51967 -1.44279 -1.36048 -1.27303 -1.18054 -1.08304 -0.980544 -0.873044 -0.760544 -0.643044 -0.520544 -0.393044 -0.260544 -0.123044 0.0194564 0.166956 0.319456 0.476956 
-1.71687 -1.6579 -1.59336 -1.52245 -1.4456 -1.3633 -1.27586 -1.18337 -1.08587 -0.983369 -0.875869 -0.763369 -0.645869 -0.523369 -0.395869 -0.263369 -0.125869 0.0166313 0.164131 0.316631 0.474131 
-1.71951 -1.66045 -1.59593 -1.52506 -1.44823 -1.36595 -1.2785 -1.18602 -1.08852 -0.986019 -0.878519 -0.766019 -0.648519 -0.526019 -0.398519 -0.266019 -0.128519 0.0139806 0.161481 0.313981 0.471481 
-1.722 -1.66285 -1.59834 -1.52751 -1.4507 -1.36843 -1.28099 -1.18851 -1.09101 -0.98851 -0.88101 -0.76851 -0.65101 -0.52851 -0.40101 -0.26851 -0.13101 0.0114898 0.15899 0.31149 0.46899 
-1.72434 -1.6651 -1.6006 -1.5298 -1.45303 -1.37077 -1.28334 -1.19085 -1.09336 -0.990856 -0.883356 -0.770856 -0.653356 -0.530856 -0.403356 -0.270856 -0.133356 0.00914407 0.156644 0.309144 0.466644 
-1.72657 -1.66722 -1.60273 -1.53197 -1.45522 -1.37298 -1.28555 -1.19307 -1.09557 -0.993071 -0.885571 -0.773071 -0.655571 -0.533071 -0.405571 -0.273071 -0.135571 0.00692854 0.154429 0.306929 0.464429 
-1.72869 -1.66923 -1.60475 -1.53402 -1.4573 -1.37507 -1.28765 -1.19517 -1.09767 -0.995172 -0.887672 -0.775172 -0.657672 -0.535172 -0.407672 -0.275172 -0.137672 0.0048282 0.152328 0.304828 0.462328 
-1.73072 -1.67115 -1.60666 -1.53597 -1.45928 -1.37707 -1.28965 -1.19717 -1.09967 -0.997172 -0.889672 -0.777172 -0.659672 -0.537172 -0.409672 -0.277172 -0.139672 0.00282793 0.150328 0.302828 0.460328 
-1.73267 -1.67298 -1.6085 -1.53784 -1.46117 -1.37897 -1.29156 -1.19908 -1.10159 -0.999087 -0.891588 -0.779088 -0.661587 -0.539087 -0.411587 -0.279087 -0.141587 0.000912505 0.148413 0.300913 0.458413 
-1.73455 -1.67475 -1.61026 -1.53963 -1.463 -1.38081 -1.2934 -1.20093 -1.10343 -1.00093 -0.893433 -0.780933 -0.663433 -0.540933 -0.413433 -0.280933 -0.143433 -0.000933394 0.146567 0.299067 0.456567 
-1.7364 -1.67647 -1.61196 -1.54137 -1.46476 -1.38259 -1.29519 -1.20272 -1.10522 -1.00273 -0.895225 -0.782725 -0.665225 -0.542725 -0.415225 -0.282725 -0.145225 -0.00272514 0.144775 0.297275 0.454775 
-1.73821 -1.67815 -1.61363 -1.54307 -1.46649 -1.38434 -1.29694 -1.20447 -1.10698 -1.00448 -0.896978 -0.784478 -0.666978 -0.544478 -0.416978 -0.284478 -0.146978 -0.00447818 0.143022 0.295522 0.453022 
-1.74 -1.67981 -1.61528 -1.54475 -1.4682 -1.38606 -1.29867 -1.2062 -1.10871 -1.00621 -0.898708 -0.786208 -0.668708 -0.546208 -0.418708 -0.286208 -0.148708 -0.00620796 0.141292 0.293792 0.451292 
-1.74179 -1.68147 -1.61692 -1.54642 -1.46989 -1.38777 -1.30039 -1.20792 -1.11043 -1.00793 -0.90043 -0.78793 -0.67043 -0.54793 -0.42043 -0.28793 -0.15043 -0.00793 0.13957 0.29207 0.44957 
-1.7436 -1.68313 -1.61857 -1.54809 -1.47159 -1.38949 -1.30212 -1.20965 -1.11216 -1.00966 -0.90216 -0.78966 -0.67216 -0.54966 -0.42216 -0.28966 -0.15216 -0.00965979 0.13784 0.29034 0.44784 
-1.74545 -1.68483 -1.62024 -1.54979 -1.47332 -1.39123 -1.30387 -1.2114 -1.11391 -1.01141 -0.903913 -0.791413 -0.673913 -0.551413 -0.423913 -0.291413 -0.153913 -0.0114128 0.136087 0.288587 0.446087 
-1.74733 -1.68657 -1.62195 -1.55152 -1.47508 -1.39301 -1.30565 -1.21319 -1.1157 -1.0132 -0.905705 -0.793205 -0.675705 -0.553205 -0.425705 -0.293205 -0.155705 -0.0132046 0.134295 0.286795 0.444295 
-1.74928 -1.68837 -1.62371 -1.55331 -1.4769 -1.39484 -1.3075 -1.21504 -1.11755 -1.01505 -0.90755 -0.79505 -0.67755 -0.55505 -0.42755 -0.29505 -0.15755 -0.0150505 0.13245 0.28495 0.44245 
-1.75131 -1.69024 -1.62555 -1.55516 -1.47878 -1.39675 -1.30941 -1.21695 -1.11946 -1.01697 -0.909466 -0.796966 -0.679466 -0.556966 -0.429466 -0.296966 -0.159466 -0.0169659 0.130534 0.283034 0.440534 
-1.75343 -1.6922 -1.62747 -1.55711 -1.48075 -1.39873 -1.3114 -1.21895 -1.12146 -1.01897 -0.911466 -0.798966 -0.681466 -0.558966 -0.431466 -0.298966 -0.161466 -0.0189662 0.128534 0.281034 0.438534 
-1.75566 -1.69426 -1.62949 -1.55915 -1.48282 -1.40082 -1.3135 -1.22105 -1.12356 -1.02107 -0.913566 -0.801067 -0.683567 -0.561067 -0.433566 -0.301066 -0.163566 -0.0210665 0.126434 0.278934 0.436434 
-1.758 -1.69645 -1.63163 -1.5613 -1.485 -1.40302 -1.31571 -1.22326 -1.12578 -1.02328 -0.915782 -0.803282 -0.685782 -0.563282 -0.435782 -0.303282 -0.165782 -0.023282 0.124218 0.276718 0.434218 
-1.76049 -1.69877 -1.6339 -1.56359 -1.48731 -1.40535 -1.31805 -1.22561 -1.12812 -1.02563 -0.918128 -0.805628 -0.688128 -0.565628 -0.438128 -0.305628 -0.168128 -0.0256278 0.121872 0.274372 0.431872 
-1.76313 -1.70124 -1.63632 -1.56602 -1.48977 -1.40783 -1.32053 -1.2281 -1.13061 -1.02812 -0.920619 -0.808119 -0.690619 -0.568119 -0.440619 -0.308119 -0.170619 -0.0281186 0.119381 0.271881 0.429381 
-1.76594 -1.70387 -1.6389 -1.56861 -1.49239 -1.41047 -1.32318 -1.23075 -1.13326 -1.03077 -0.923269 -0.810769 -0.693269 -0.570769 -0.443269 -0.310769 -0.173269 -0.0307693 0.116731 0.269231 0.426731 
-1.76893 -1.70668 -1.64165 -1.57137 -1.49518 -1.41327 -1.326 -1.23357 -1.13609 -1.03359 -0.926094 -0.813594 -0.696094 -0.573594 -0.446094 -0.313594 -0.176094 -0.0335944 0.113906 0.266406 0.423906 
-1.77211 -1.70969 -1.6446 -1.57432 -1.49815 -1.41627 -1.32901 -1.23658 -1.1391 -1.03661 -0.929108 -0.816608 -0.699108 -0.576608 -0.449108 -0.316608 -0.179108 -0.0366083 0.110892 0.263392 0.420892 
-1.7755 -1.7129 -1.64775 -1.57748 -1.50133 -1.41947 -1.33222 -1.2398 -1.14232 -1.03982 -0.932325 -0.819825 -0.702325 -0.579825 -0.452325 -0.319825 -0.182325 -0.0398254 0.107675 0.260175 0.417675 
-1.77912 -1.71634 -1.65111 -1.58085 -1.50473 -1.42289 -1.33564 -1.24323 -1.14575 -1.04326 -0.935759 -0.823259 -0.705759 -0.583259 -0.455759 -0.323259 -0.185759 -0.0432595 0.104241 0.256741 0.414241 
-1.78298 -1.72001 -1.65472 -1.58445 -1.50836 -1.42653 -1.3393 -1.24689 -1.14942 -1.04692 -0.939424 -0.826924 -0.709424 -0.586924 -0.459424 -0.326924 -0.189424 -0.0469245 0.100576 0.253076 0.410576 
-1.78709 -1.72394 -1.65856 -1.5883 -1.51223 -1.43042 -1.3432 -1.2508 -1.15333 -1.05083 -0.943334 -0.830834 -0.713334 -0.590834 -0.463334 -0.330834 -0.193334 -0.050834 0.096666 0.249166 0.406666 
-1.79146 -1.72812 -1.66267 -1.5924 -1.51635 -1.43457 -1.34736 -1.25496 -1.15749 -1.055 -0.947501 -0.835001 -0.717501 -0.595001 -0.467501 -0.335001 -0.197501 -0.0550013 0.0924987 0.244999 0.402499 
-1.79611 -1.73258 -1.66705 -1.59678 -1.52075 -1.43899 -1.35179 -1.2594 -1.16193 -1.05944 -0.951939 -0.839439 -0.72194 -0.59944 -0.47194 -0.33944 -0.20194 -0.0594395 0.0880605 0.24056 0.39806 
-1.80105 -1.73733 -1.67172 -1.60144 -1.52543 -1.44369 -1.35651 -1.26412 -1.16665 -1.06416 -0.956661 -0.844161 -0.726662 -0.604162 -0.476662 -0.344162 -0.206662 -0.0641615 0.0833385 0.235838 0.393338 
-1.80629 -1.74239 -1.67669 -1.60639 -1.53041 -1.44869 -1.36152 -1.26913 -1.17167 -1.06918 -0.961679 -0.84918 -0.73168 -0.60918 -0.48168 -0.34918 -0.21168 -0.0691798 0.0783202 0.23082 0.38832 
-1.81184 -1.74775 -1.68196 -1.61166 -1.53569 -1.45399 -1.36683 -1.27446 -1.17699 -1.0745 -0.967006 -0.854507 -0.737007 -0.614507 -0.487007 -0.354507 -0.217007 -0.0745066 0.0729934 0.225493 0.382993 
-1.81773 -1.75344 -1.68756 -1.61724 -1.5413 -1.45962 -1.37247 -1.2801 -1.18264 -1.08015 -0.972653 -0.860154 -0.742654 -0.620154 -0.492654 -0.360154 -0.222654 -0.0801539 0.0673461 0.219846 0.377346 
-1.82395 -1.75947 -1.6935 -1.62316 -1.54723 -1.46557 -1.37844 -1.28608 -1.18862 -1.08613 -0.978633 -0.866133 -0.748633 -0.626133 -0.498633 -0.366133 -0.228633 -0.0861333 0.0613667 0.213867 0.371367 
-1.83052 -1.76585 -1.69978 -1.62942 -1.55351 -1.47187 -1.38475 -1.29239 -1.19494 -1.09245 -0.984955 -0.872456 -0.754956 -0.632456 -0.504956 -0.372456 -0.234956 -0.0924561 0.0550439 0.207544 0.365044 
-1.83744 -1.77259 -1.70641 -1.63604 -1.56014 -1.47853 -1.39142 -1.29907 -1.20162 -1.09913 -0.991632 -0.879133 -0.761633 -0.639133 -0.511633 -0.379133 -0.241633 -0.0991332 0.0483668 0.200867 0.358367 
-1.84474 -1.7797 -1.71342 -1.64302 -1.56714 -1.48554 -1.39845 -1.30611 -1.20866 -1.10617 -0.998674 -0.886175 -0.768675 -0.646175 -0.518675 -0.386175 -0.248675 -0.106175 0.0413246 0.193825 0.351325 
-1.85242 -1.78719 -1.7208 -1.65038 -1.57451 -1.49294 -1.40586 -1.31352 -1.21607 -1.11359 -1.00609 -0.893593 -0.776093 -0.653593 -0.526093 -0.393593 -0.256093 -0.113593 0.0339073 0.186407 0.343907 
-1.86049 -1.79507 -1.72857 -1.65813 -1.58227 -1.50071 -1.41365 -1.32132 -1.22387 -1.12139 -1.01389 -0.901395 -0.783895 -0.661395 -0.533895 -0.401395 -0.263895 -0.121395 0.0261048 0.178605 0.336105 
-1.86896 -1.80334 -1.73674 -1.66627 -1.59042 -1.50888 -1.42183 -1.32951 -1.23207 -1.12959 -1.02209 -0.909592 -0.792092 -0.669592 -0.542092 -0.409592 -0.272092 -0.129592 0.0179077 0.170408 0.327908 
-1.87784 -1.81203 -1.74532 -1.67481 -1.59898 -1.51746 -1.43042 -1.33811 -1.24067 -1.13819 -1.03069 -0.918193 -0.800693 -0.678193 -0.550693 -0.418193 -0.280693 -0.138193 0.00930689 0.161807 0.319307 
-1.88713 -1.82114 -1.75431 -1.68377 -1.60794 -1.52644 -1.43942 -1.34711 -1.24968 -1.1472 -1.0397 -0.927206 -0.809706 -0.687206 -0.559706 -0.427206 -0.289706 -0.147206 0.000293633 0.152794 0.310294 
-1.89685 -1.83067 -1.76372 -1.69315 -1.61733 -1.53585 -1.44884 -1.35654 -1.25911 -1.15663 -1.04914 -0.93664 -0.81914 -0.69664 -0.56914 -0.43664 -0.29914 -0.15664 -0.00914036 0.14336 0.30086 
-1.907 -1.84064 -1.77357 -1.70296 -1.62714 -1.54568 -1.45869 -1.3664 -1.26897 -1.1665 -1.059 -0.946503 -0.829003 -0.706503 -0.579003 -0.446503 -0.309003 -0.166503 -0.019003 0.133497 0.290997 
-1.91759 -1.85104 -1.78386 -1.7132 -1.6374 -1.55595 -1.46898 -1.37669 -1.27927 -1.17679 -1.0693 -0.956801 -0.839302 -0.716802 -0.589302 -0.456802 -0.319302 -0.176802 -0.0293017 0.123198 0.280698 
-1.92862 -1.8619 -1.79459 -1.72389 -1.64809 -1.56667 -1.4797 -1.38743 -1.29001 -1.18753 -1.08004 -0.967543 -0.850044 -0.727544 -0.600044 -0.467544 -0.330044 -0.187544 -0.0400436 0.112456 0.269956 
-1.94011 -1.87321 -1.80578 -1.73503 -1.65923 -1.57783 -1.49088 -1.39861 -1.3012 -1.19873 -1.09123 -0.978735 -0.861235 -0.738735 -0.611235 -0.478735 -0.341235 -0.198735 -0.0512352 0.101265 0.258765 
-1.95206 -1.88498 -1.81742 -1.74663 -1.67083 -1.58944 -1.50251 -1.41025 -1.31284 -1.21037 -1.10288 -0.990382 -0.872883 -0.750383 -0.622883 -0.490383 -0.352883 -0.210383 -0.0628827 0.0896173 0.247117 
-1.96447 -1.89722 -1.82953 -1.75869 -1.6829 -1.60152 -1.5146 -1.42236 -1.32495 -1.22248 -1.11499 -1.00249 -0.884992 -0.762492 -0.634992 -0.502492 -0.364992 -0.222492 -0.0749918 0.0775082 0.235008 
-1.97735 -1.90992 -1.84211 -1.77122 -1.69542 -1.61407 -1.52716 -1.43493 -1.33752 -1.23506 -1.12756 -1.01507 -0.897568 -0.775068 -0.647568 -0.515068 -0.377568 -0.235068 -0.0875678 0.0649322 0.222432 
-1.99071 -1.92311 -1.85517 -1.78422 -1.70842 -1.62708 -1.54019 -1.44797 -1.35057 -1.2481 -1.14061 -1.02811 -0.910615 -0.788115 -0.660615 -0.528115 -0.390615 -0.248115 -0.100615 0.0518846 0.209385 
-2.00454 -1.93678 -1.86871 -1.7977 -1.7219 -1.64057 -1.5537 -1.46148 -1.36409 -1.26162 -1.15414 -1.04164 -0.924139 -0.801639 -0.674139 -0.541639 -0.404139 -0.261639 -0.114139 0.038361 0.195861 
-2.01886 -1.95093 -1.88273 -1.81167 -1.73586 -1.65454 -1.56769 -1.47548 -1.37809 -1.27563 -1.16814 -1.05564 -0.938142 -0.815642 -0.688142 -0.555642 -0.418142 -0.275642 -0.128142 0.0243576 0.181858 
-2.03366 -1.96557 -1.89723 -1.82611 -1.7503 -1.669 -1.58216 -1.48996 -1.39257 -1.29011 -1.18262 -1.07013 -0.952629 -0.830129 -0.702629 -0.570129 -0.432629 -0.290129 -0.142629 0.00987094 0.167371 
-2.04894 -1.9807 -1.91223 -1.84105 -1.76522 -1.68394 -1.59711 -1.50492 -1.40754 -1.30508 -1.1976 -1.0851 -0.967602 -0.845102 -0.717602 -0.585102 -0.447602 -0.305102 -0.157602 -0.0051018 0.152398 
-2.06472 -1.99632 -1.92772 -1.85647 -1.78064 -1.69936 -1.61255 -1.52037 -1.423 -1.32054 -1.21306 -1.10056 -0.983063 -0.860563 -0.733063 -0.600563 -0.463063 -0.320563 -0.173063 -0.0205631 0.136937 
-2.08099 -2.01243 -1.9437 -1.87239 -1.79654 -1.71528 -1.62848 -1.53632 -1.43895 -1.3365 -1.22901 -1.11651 -0.999015 -0.876515 -0.749015 -0.616515 -0.479015 -0.336515 -0.189015 -0.0365148 0.120985 
-2.09775 -2.02905 -1.96018 -1.8888 -1.81294 -1.73169 -1.64491 -1.55275 -1.45539 -1.35294 -1.24545 -1.13296 -1.01546 -0.892958 -0.765458 -0.632959 -0.495459 -0.352959 -0.205459 -0.0529585 0.104541 
-2.115 -2.04616 -1.97715 -1.9057 -1.82983 -1.74859 -1.66183 -1.56968 -1.47232 -1.36987 -1.26239 -1.14989 -1.03239 -0.909895 -0.782395 -0.649895 -0.512395 -0.369895 -0.222395 -0.0698951 0.0876049 
-2.13275 -2.06377 -1.99462 -1.9231 -1.84721 -1.76599 -1.67923 -1.5871 -1.48975 -1.3873 -1.27982 -1.16732 -1.04982 -0.927325 -0.799825 -0.667325 -0.529825 -0.387325 -0.239825 -0.0873251 0.0701749 
-2.15099 -2.08187 -2.01259 -1.941 -1.86509 -1.78387 -1.69714 -1.60501 -1.50767 -1.40522 -1.29774 -1.18525 -1.06775 -0.945248 -0.817748 -0.685249 -0.547749 -0.405249 -0.257749 -0.105249 0.0522515 
-2.16972 -2.10047 -2.03106 -1.95939 -1.88346 -1.80225 -1.71553 -1.62342 -1.52608 -1.42364 -1.31616 -1.20366 -1.08616 -0.963665 -0.836165 -0.703665 -0.566165 -0.423665 -0.276165 -0.123665 0.0338352 
-2.18894 -2.11957 -2.05002 -1.97828 -1.90233 -1.82113 -1.73442 -1.64231 -1.54498 -1.44254 -1.33506 -1.22257 -1.10507 -0.982573 -0.855073 -0.722573 -0.585073 -0.442573 -0.295073 -0.142573 0.0149269 
-2.20866 -2.13916 -2.06948 -1.99765 -1.92168 -1.84049 -1.7538 -1.6617 -1.56438 -1.46194 -1.35446 -1.24197 -1.12447 -1.00197 -0.874472 -0.741972 -0.604472 -0.461972 -0.314472 -0.161972 -0.0044718 
-2.22886 -2.15924 -2.08943 -2.01752 -1.94153 -1.86034 -1.77366 -1.68158 -1.58426 -1.48183 -1.37435 -1.26186 -1.14436 -1.02186 -0.894359 -0.761859 -0.624359 -0.481859 -0.334359 -0.181859 -0.0243591 
-2.24954 -2.17982 -2.10986 -2.03788 -1.96186 -1.88068 -1.79401 -1.70194 -1.60463 -1.5022 -1.39472 -1.28223 -1.16473 -1.04223 -0.914732 -0.782232 -0.644732 -0.502232 -0.354732 -0.202232 -0.0447324 
-2.27071 -2.20087 -2.13079 -2.05872 -1.98267 -1.9015 -1.81484 -1.72278 -1.62548 -1.52305 -1.41558 -1.30309 -1.18559 -1.06309 -0.935589 -0.803089 -0.665589 -0.523089 -0.375589 -0.223089 -0.065589 
-2.29235 -2.22242 -2.1522 -2.08004 -2.00397 -1.92279 -1.83616 -1.74411 -1.64681 -1.54439 -1.43691 -1.32442 -1.20692 -1.08443 -0.956925 -0.824425 -0.686925 -0.544425 -0.396925 -0.244425 -0.0869254 
-2.31447 -2.24444 -2.17409 -2.10185 -2.02574 -1.94457 -1.85794 -1.76591 -1.66862 -1.5662 -1.45873 -1.34623 -1.22874 -1.10624 -0.978738 -0.846238 -0.708738 -0.566238 -0.418738 -0.266238 -0.108738 
-2.33706 -2.26693 -2.19645 -2.12412 -2.04799 -1.96682 -1.8802 -1.78818 -1.69089 -1.58848 -1.48101 -1.36852 -1.25102 -1.12852 -1.00102 -0.868522 -0.731022 -0.588522 -0.441022 -0.288522 -0.131022 
-2.36011 -2.2899 -2.21928 -2.14687 -2.0707 -1.98953 -1.90293 -1.81092 -1.71364 -1.61123 -1.50376 -1.39127 -1.27377 -1.15127 -1.02377 -0.891273 -0.753773 -0.611273 -0.463773 -0.311273 -0.153773 
-2.38362 -2.31333 -2.24258 -2.17008 -2.09387 -2.01271 -1.92612 -1.83411 -1.73684 -1.63444 -1.52697 -1.41448 -1.29698 -1.17448 -1.04699 -0.914485 -0.776985 -0.634485 -0.486985 -0.334485 -0.176985 
-2.40759 -2.33721 -2.26634 -2.19375 -2.11751 -2.03634 -1.94976 -1.85777 -1.76051 -1.6581 -1.55064 -1.43815 -1.32065 -1.19815 -1.07065 -0.938154 -0.800654 -0.658154 -0.510654 -0.358154 -0.200654 
-2.432 -2.36155 -2.29056 -2.21787 -2.14159 -2.06042 -1.97385 -1.88187 -1.78462 -1.68222 -1.57476 -1.46227 -1.34477 -1.22227 -1.09477 -0.962272 -0.824772 -0.682272 -0.534772 -0.382272 -0.224772 
-2.45685 -2.38633 -2.31522 -2.24244 -2.16612 -2.08494 -1.99839 -1.90642 -1.80917 -1.70678 -1.59932 -1.48683 -1.36933 -1.24683 -1.11933 -0.986833 -0.849333 -0.706833 -0.559333 -0.406833 -0.249333 
-2.48213 -2.41156 -2.34031 -2.26744 -2.19108 -2.1099 -2.02336 -1.9314 -1.83416 -1.73177 -1.62431 -1.51183 -1.39433 -1.27183 -1.14433 -1.01183 -0.87433 -0.73183 -0.58433 -0.43183 -0.27433 
-2.50784 -2.43721 -2.36584 -2.29288 -2.21647 -2.13529 -2.04876 -1.95681 -1.85958 -1.75719 -1.64974 -1.53725 -1.41975 -1.29726 -1.16976 -1.03726 -0.899756 -0.757256 -0.609756 -0.457256 -0.299756 
-2.53396 -2.46328 -2.3918 -2.31874 -2.24229 -2.1611 -2.07458 -1.98264 -1.88542 -1.78304 -1.67558 -1.5631 -1.4456 -1.3231 -1.1956 -1.0631 -0.925603 -0.783103 -0.635603 -0.483103 -0.325603 
-2.56049 -2.48977 -2.41817 -2.34501 -2.26852 -2.18732 -2.10081 -2.00889 -1.91167 -1.80929 -1.70184 -1.58936 -1.47186 -1.34936 -1.22186 -1.08936 -0.951862 -0.809362 -0.661862 -0.509362 -0.351862 
-2.58742 -2.51666 -2.44495 -2.37169 -2.29516 -2.21395 -2.12744 -2.03553 -1.93833 -1.83595 -1.7285 -1.61602 -1.49852 -1.37602 -1.24853 -1.11603 -0.978525 -0.836025 -0.688525 -0.536025 -0.378525 
-2.61474 -2.54395 -2.47212 -2.39877 -2.32219 -2.24097 -2.15447 -2.06258 -1.96538 -1.86301 -1.75556 -1.64308 -1.52558 -1.40308 -1.27558 -1.14308 -1.00558 -0.863083 -0.715583 -0.563083 -0.405583 
-2.64244 -2.57163 -2.49969 -2.42624 -2.3496 -2.26838 -2.18189 -2.09 -1.99281 -1.89045 -1.783 -1.67052 -1.55302 -1.43052 -1.30303 -1.17053 -1.03303 -0.890525 -0.743025 -0.590525 -0.433025 
-2.67052 -2.59968 -2.52763 -2.45408 -2.3774 -2.29616 -2.20968 -2.1178 -2.02062 -1.91826 -1.81082 -1.69833 -1.58084 -1.45834 -1.33084 -1.19834 -1.06084 -0.918343 -0.770843 -0.618343 -0.460843 
-2.69895 -2.62809 -2.55594 -2.4823 -2.40556 -2.32431 -2.23783 -2.14597 -2.04879 -1.94644 -1.839 -1.72652 -1.60902 -1.48653 -1.35903 -1.22653 -1.08903 -0.946526 -0.799026 -0.646526 -0.489026 
-2.72773 -2.65687 -2.58461 -2.51086 -2.43407 -2.35281 -2.26634 -2.17449 -2.07732 -1.97497 -1.86753 -1.75505 -1.63756 -1.51506 -1.38756 -1.25506 -1.11756 -0.975063 -0.827563 -0.675063 -0.517563 
-2.75684 -2.68598 -2.61362 -2.53978 -2.46293 -2.38166 -2.29519 -2.20335 -2.10619 -2.00385 -1.89641 -1.78393 -1.66644 -1.54394 -1.41644 -1.28394 -1.14644 -1.00394 -0.856444 -0.703944 -0.546444 
-2.78629 -2.71543 -2.64297 -2.56903 -2.49213 -2.41083 -2.32438 -2.23254 -2.1354 -2.03306 -1.92562 -1.81315 -1.69565 -1.57316 -1.44566 -1.31316 -1.17566 -1.03316 -0.885657 -0.733157 -0.575657 
-2.81605 -2.74519 -2.67264 -2.5986 -2.52164 -2.44033 -2.35388 -2.26206 -2.16492 -2.06259 -1.95515 -1.84268 -1.72519 -1.60269 -1.47519 -1.34269 -1.20519 -1.06269 -0.91519 -0.76269 -0.60519 
-2.84611 -2.77527 -2.70263 -2.62849 -2.55147 -2.47014 -2.38369 -2.29188 -2.19475 -2.09242 -1.98499 -1.87252 -1.75503 -1.63253 -1.50503 -1.37253 -1.23503 -1.09253 -0.945032 -0.792532 -0.635032 
-2.87646 -2.80564 -2.73291 -2.65867 -2.5816 -2.50025 -2.4138 -2.322 -2.22488 -2.12256 -2.01513 -1.90266 -1.78517 -1.66267 -1.53517 -1.40267 -1.26517 -1.12267 -0.97517 -0.82267 -0.66517 
-2.90709 -2.8363 -2.76348 -2.68914 -2.61201 -2.53064 -2.44419 -2.3524 -2.25529 -2.15297 -2.04555 -1.93308 -1.81559 -1.69309 -1.56559 -1.43309 -1.29559 -1.15309 -1.00559 -0.853091 -0.695591 
-2.93798 -2.86722 -2.79432 -2.71989 -2.64269 -2.5613 -2.47486 -2.38307 -2.28597 -2.18366 -2.07624 -1.96377 -1.84628 -1.72378 -1.59628 -1.46378 -1.32628 -1.18378 -1.03628 -0.883784 -0.726284 
-2.96912 -2.8984 -2.82542 -2.75089 -2.67363 -2.59222 -2.50578 -2.414 -2.31691 -2.21461 -2.10719 -1.99472 -1.87723 -1.75473 -1.62723 -1.49473 -1.35723 -1.21473 -1.06723 -0.914734 -0.757234 
-3.0005 -2.92983 -2.85677 -2.78214 -2.70482 -2.62338 -2.53694 -2.44518 -2.34809 -2.2458 -2.13838 -2.02591 -1.90842 -1.78593 -1.65843 -1.52593 -1.38843 -1.24593 -1.09843 -0.945929 -0.788429 
-3.03211 -2.96148 -2.88835 -2.81363 -2.73624 -2.65478 -2.56834 -2.47658 -2.37951 -2.27722 -2.1698 -2.05734 -1.93985 -1.81735 -1.68985 -1.55736 -1.41986 -1.27736 -1.12986 -0.977355 -0.819855 
-3.06393 -2.99335 -2.92015 -2.84533 -2.76788 -2.68639 -2.59995 -2.50821 -2.41114 -2.30885 -2.20144 -2.08898 -1.97149 -1.849 -1.7215 -1.589 -1.4515 -1.309 -1.1615 -1.009 -0.851498 
-3.09594 -3.02543 -2.95216 -2.87724 -2.79972 -2.71821 -2.63177 -2.54003 -2.44297 -2.34069 -2.23329 -2.12083 -2.00334 -1.88084 -1.75334 -1.62084 -1.48334 -1.34084 -1.19334 -1.04084 -0.883344 
-3.12813 -3.05768 -2.98435 -2.90935 -2.83176 -2.75022 -2.66377 -2.57205 -2.475 -2.37272 -2.26532 -2.15286 -2.03537 -1.91288 -1.78538 -1.65288 -1.51538 -1.37288 -1.22538 -1.07288 -0.915379 
-3.16049 -3.09012 -3.01672 -2.94163 -2.86397 -2.7824 -2.69595 -2.60423 -2.50719 -2.40492 -2.29753 -2.18507 -2.06758 -1.94509 -1.81759 -1.68509 -1.54759 -1.40509 -1.25759 -1.10509 -0.947589 
-3.193 -3.12271 -3.04926 -2.97407 -2.89634 -2.81474 -2.72829 -2.63658 -2.53955 -2.43729 -2.32989 -2.21744 -2.09995 -1.97746 -1.84996 -1.71746 -1.57996 -1.43746 -1.28996 -1.13746 -0.979958 
-3.22566 -3.15544 -3.08194 -3.00666 -2.92887 -2.84723 -2.76078 -2.66907 -2.57205 -2.4698 -2.3624 -2.24995 -2.13246 -2.00997 -1.88247 -1.74997 -1.61247 -1.46997 -1.32247 -1.16997 -1.01247 
-3.25843 -3.1883 -3.11475 -3.03938 -2.96152 -2.87985 -2.79339 -2.70169 -2.60468 -2.50243 -2.39505 -2.28259 -2.16511 -2.04261 -1.91512 -1.78262 -1.64512 -1.50262 -1.35512 -1.20262 -1.04512 
-3.29131 -3.22127 -3.14768 -3.07222 -2.99429 -2.91259 -2.82612 -2.73443 -2.63743 -2.53519 -2.4278 -2.31535 -2.19787 -2.07537 -1.94788 -1.81538 -1.67788 -1.53538 -1.38788 -1.23538 -1.07788 
-3.32428 -3.25434 -3.18071 -3.10516 -3.02716 -2.94543 -2.85895 -2.76727 -2.67027 -2.56804 -2.46066 -2.34821 -2.23073 -2.10823 -1.98074 -1.84824 -1.71074 -1.56824 -1.42074 -1.26824 -1.11074 
-3.35733 -3.2875 -3.21383 -3.13819 -3.06012 -2.97835 -2.89187 -2.80019 -2.7032 -2.60098 -2.4936 -2.38115 -2.26367 -2.14118 -2.01368 -1.88118 -1.74368 -1.60118 -1.45368 -1.30118 -1.14368 
-3.39045 -3.32072 -3.24701 -3.17129 -3.09315 -3.01134 -2.92486 -2.83318 -2.7362 -2.63398 -2.52661 -2.41416 -2.29668 -2.17419 -2.04669 -1.91419 -1.77669 -1.63419 -1.48669 -1.33419 -1.17669 
-3.4236 -3.35399 -3.28026 -3.20445 -3.12623 -3.04439 -2.9579 -2.86623 -2.76926 -2.66704 -2.55968 -2.44723 -2.32975 -2.20726 -2.07976 -1.94726 -1.80976 -1.66726 -1.51976 -1.36726 -1.20976 
-3.45679 -3.38729 -3.31354 -3.23765 -3.15936 -3.07748 -2.99097 -2.89931 -2.80235 -2.70014 -2.59278 -2.48034 -2.36286 -2.24037 -2.11287 -1.98037 -1.84287 -1.70037 -1.55287 -1.40037 -1.24287 
-3.49 -3.42062 -3.34684 -3.27088 -3.19251 -3.11059 -3.02408 -2.93242 -2.83546 -2.73326 -2.62591 -2.51347 -2.39599 -2.2735 -2.146 -2.0135 -1.876 -1.7335 -1.586 -1.4335 -1.276 
