0.01 0.0725 0.14 0.2125 0.29 0.3725 0.46 0.5525 0.65 0.7525 0.86 0.9725 1.09 1.2125 1.34 1.4725 1.61 1.7525 1.9 2.0525 2.21 
-0.0232054 0.0392946 0.106795 0.179295 0.256795 0.339295 0.426795 0.519295 0.616795 0.719295 0.826795 0.939295 1.05679 1.17929 1.30679 1.43929 1.57679 1.71929 1.86679 2.01929 2.17679 
-0.0563953 0.00610474 0.0736047 0.146105 0.223605 0.306105 0.393605 0.486105 0.583605 0.686105 0.793605 0.906105 1.0236 1.1461 1.2736 1.4061 1.5436 1.6861 1.8336 1.9861 2.1436 
-0.0895542 -0.0270542 0.0404458 0.112946 0.190446 0.272946 0.360446 0.452946 0.550446 0.652946 0.760446 0.872946 0.990446 1.11295 1.24045 1.37295 1.51045 1.65295 1.80045 1.95295 2.11045 
-0.122667 -0.0601666 0.00733338 0.0798334 0.157333 0.239833 0.327333 0.419833 0.517333 0.619833 0.727333 0.839833 0.957333 1.07983 1.20733 1.33983 1.47733 1.61983 1.76733 1.91983 2.07733 
-0.155717 -0.0932172 -0.0257172 0.0467828 0.124283 0.206783 0.294283 0.386783 0.484283 0.586783 0.694283 0.806783 0.924283 1.04678 1.17428 1.30678 1.44428 1.58678 1.73428 1.88678 2.04428 
-0.188691 -0.126191 -0.0586907 0.0138093 0.0913093 0.173809 0.261309 0.353809 0.451309 0.553809 0.661309 0.773809 0.891309 1.01381 1.14131 1.27381 1.41131 1.55381 1.70131 1.85381 2.01131 
-0.221572 -0.159072 -0.0915716 -0.0190716 0.0584284 0.140928 0.228428 0.320928 0.418428 0.520928 0.628428 0.740928 0.858428 0.980928 1.10843 1.24093 1.37843 1.52093 1.66843 1.82093 1.97843 
-0.254345 -0.191845 -0.124345 -0.0518449 0.0256551 0.108155 0.195655 0.288155 0.385655 0.488155 0.595655 0.708155 0.825655 0.948155 1.07566 1.20816 1.34566 1.48816 1.63566 1.78816 1.94566 
-0.286996 -0.224496 -0.156996 -0.0844956 -0.00699555 0.0755044 0.163004 0.255504 0.353004 0.455504 0.563004 0.675504 0.793004 0.915504 1.043 1.1755 1.313 1.4555 1.603 1.7555 1.913 
-0.319508 -0.257008 -0.189508 -0.117008 -0.0395085 0.0429915 0.130492 0.222992 0.320492 0.422992 0.530492 0.642992 0.760492 0.882992 1.01049 1.14299 1.28049 1.42299 1.57049 1.72299 1.88049 
-0.351869 -0.289369 -0.221869 -0.149369 -0.071869 0.010631 0.098131 0.190631 0.288131 0.390631 0.498131 0.610631 0.728131 0.850631 0.978131 1.11063 1.24813 1.39063 1.53813 1.69063 1.84813 
-0.384062 -0.321562 -0.254062 -0.181562 -0.104062 -0.0215623 0.0659377 0.158438 0.255938 0.358438 0.465938 0.578438 0.695938 0.818438 0.945938 1.07844 1.21594 1.35844 1.50594 1.65844 1.81594 
-0.416074 -0.353574 -0.286074 -0.213574 -0.136074 -0.0535739 0.0339261 0.126426 0.223926 0.326426 0.433926 0.546426 0.663926 0.786426 0.913926 1.04643 1.18393 1.32643 1.47393 1.62643 1.78393 
-0.44789 -0.38539 -0.31789 -0.24539 -0.16789 -0.0853896 0.00211035 0.0946104 0.19211 0.29461 0.40211 0.51461 0.63211 0.75461 0.88211 1.01461 1.15211 1.29461 1.44211 1.59461 1.75211 
-0.479495 -0.416995 -0.349495 -0.276995 -0.199495 -0.116995 -0.0294952 0.0630048 0.160505 0.263005 0.370505 0.483005 0.600505 0.723005 0.850505 0.983005 1.1205 1.263 1.4105 1.563 1.7205 
-0.510877 -0.448377 -0.380877 -0.308377 -0.230877 -0.148377 -0.0608768 0.0316232 0.129123 0.231623 0.339123 0.451623 0.569123 0.691623 0.819123 0.951623 1.08912 1.23162 1.37912 1.53162 1.68912 
-0.542021 -0.479521 -0.412021 -0.339521 -0.262021 -0.179521 -0.0920207 0.000479292 0.0979793 0.200479 0.307979 0.420479 0.537979 0.660479 0.787979 0.920479 1.05798 1.20048 1.34798 1.50048 1.65798 
-0.572913 -0.510413 -0.442913 -0.370413 -0.292913 -0.210413 -0.122913 -0.0304134 0.0670866 0.169587 0.277087 0.389587 0.507087 0.629587 0.757087 0.889587 1.02709 1.16959 1.31709 1.46959 1.62709 
-0.603542 -0.541042 -0.473542 -0.401042 -0.323542 -0.241042 -0.153542 -0.0610417 0.0364583 0.138958 0.246458 0.358958 0.476458 0.598958 0.726458 0.858958 0.996458 1.13896 1.28646 1.43896 1.59646 
-0.633893 -0.571393 -0.503893 -0.431393 -0.353893 -0.271393 -0.183893 -0.0913926 0.00610737 0.108607 0.216107 0.328607 0.446107 0.568607 0.696107 0.828607 0.966107 1.10861 1.25611 1.40861 1.56611 
-0.663954 -0.601454 -0.533954 -0.461454 -0.383954 -0.301454 -0.213954 -0.121454 -0.0239535 0.0785465 0.186046 0.298546 0.416046 0.538546 0.666046 0.798546 0.936046 1.07855 1.22605 1.37855 1.53605 
-0.693712 -0.631212 -0.563712 -0.491212 -0.413712 -0.331212 -0.243712 -0.151212 -0.053712 0.048788 0.156288 0.268788 0.386288 0.508788 0.636288 0.768788 0.906288 1.04879 1.19629 1.34879 1.50629 
-0.723156 -0.660656 -0.593156 -0.520656 -0.443156 -0.360656 -0.273156 -0.180656 -0.0831559 0.0193441 0.126844 0.239344 0.356844 0.479344 0.606844 0.739344 0.876844 1.01934 1.16684 1.31934 1.47684 
-0.752274 -0.689774 -0.622274 -0.549774 -0.472274 -0.389774 -0.302274 -0.209774 -0.112274 -0.00977355 0.0977264 0.210226 0.327726 0.450226 0.577726 0.710226 0.847726 0.990226 1.13773 1.29023 1.44773 
-0.781053 -0.718553 -0.651053 -0.578553 -0.501053 -0.418553 -0.331053 -0.238553 -0.141053 -0.0385534 0.0689466 0.181447 0.298947 0.421447 0.548947 0.681447 0.818947 0.961447 1.10895 1.26145 1.41895 
-0.809484 -0.746984 -0.679484 -0.606984 -0.529484 -0.446984 -0.359484 -0.266984 -0.169484 -0.0669843 0.0405157 0.153016 0.270516 0.393016 0.520516 0.653016 0.790516 0.933016 1.08052 1.23302 1.39052 
-0.837556 -0.775056 -0.707556 -0.635056 -0.557556 -0.475056 -0.387556 -0.295056 -0.197556 -0.0950555 0.0124445 0.124944 0.242444 0.364944 0.492444 0.624944 0.762444 0.904944 1.05244 1.20494 1.36244 
-0.865257 -0.802757 -0.735257 -0.662757 -0.585257 -0.502757 -0.415257 -0.322757 -0.225257 -0.122757 -0.0152566 0.0972434 0.214743 0.337243 0.464743 0.597243 0.734743 0.877243 1.02474 1.17724 1.33474 
-0.892578 -0.830078 -0.762578 -0.690078 -0.612578 -0.530078 -0.442578 -0.350078 -0.252578 -0.150078 -0.0425775 0.0699225 0.187422 0.309922 0.437422 0.569922 0.707422 0.849922 0.997422 1.14992 1.30742 
-0.919508 -0.857008 -0.789508 -0.717008 -0.639508 -0.557008 -0.469508 -0.377008 -0.279508 -0.177008 -0.0695085 0.0429915 0.160492 0.282992 0.410492 0.542992 0.680492 0.822992 0.970492 1.12299 1.28049 
-0.94604 -0.88354 -0.81604 -0.74354 -0.66604 -0.58354 -0.49604 -0.40354 -0.30604 -0.20354 -0.0960403 0.0164597 0.13396 0.25646 0.38396 0.51646 0.65396 0.79646 0.94396 1.09646 1.25396 
-0.972164 -0.909664 -0.842164 -0.769664 -0.692164 -0.609664 -0.522164 -0.429664 -0.332164 -0.229664 -0.122164 -0.00966396 0.107836 0.230336 0.357836 0.490336 0.627836 0.770336 0.917836 1.07034 1.22784 
-0.997871 -0.935371 -0.867871 -0.795371 -0.717871 -0.635371 -0.547871 -0.455371 -0.357871 -0.255371 -0.147871 -0.035371 0.082129 0.204629 0.332129 0.464629 0.602129 0.744629 0.892129 1.04463 1.20213 
-1.02315 -0.960653 -0.893153 -0.820653 -0.743153 -0.660653 -0.573153 -0.480653 -0.383153 -0.280653 -0.173153 -0.0606533 0.0568467 0.179347 0.306847 0.439347 0.576847 0.719347 0.866847 1.01935 1.17685 
-1.048 -0.985503 -0.918003 -0.845503 -0.768003 -0.685503 -0.598003 -0.505503 -0.408003 -0.305503 -0.198003 -0.0855033 0.0319967 0.154497 0.281997 0.414497 0.551997 0.694497 0.841997 0.994497 1.152 
-1.07241 -1.00991 -0.942414 -0.869914 -0.792414 -0.709914 -0.622414 -0.529914 -0.432414 -0.329914 -0.222414 -0.109914 0.00758647 0.130086 0.257586 0.390086 0.527586 0.670086 0.817586 0.970086 1.12759 
-1.09638 -1.03388 -0.966377 -0.893877 -0.816377 -0.733877 -0.646377 -0.553877 -0.456377 -0.353877 -0.246377 -0.133877 -0.0163773 0.106123 0.233623 0.366123 0.503623 0.646123 0.793623 0.946123 1.10362 
-1.11989 -1.05739 -0.989888 -0.917388 -0.839888 -0.757388 -0.669888 -0.577388 -0.479888 -0.377388 -0.269888 -0.157388 -0.0398882 0.0826118 0.210112 0.342612 0.480112 0.622612 0.770112 0.922612 1.08011 
-1.14294 -1.08044 -1.01294 -0.94044 -0.86294 -0.78044 -0.69294 -0.60044 -0.50294 -0.40044 -0.29294 -0.18044 -0.0629404 0.0595596 0.18706 0.31956 0.45706 0.59956 0.74706 0.89956 1.05706 
-1.16553 -1.10303 -1.03553 -0.963028 -0.885528 -0.803028 -0.715528 -0.623028 -0.525528 -0.423028 -0.315528 -0.203028 -0.0855283 0.0369717 0.164472 0.296972 0.434472 0.576972 0.724472 0.876972 1.03447 
-1.18765 -1.12515 -1.05765 -0.985147 -0.907647 -0.825147 -0.737647 -0.645147 -0.547647 -0.445147 -0.337647 -0.225147 -0.107647 0.0148532 0.142353 0.274853 0.412353 0.554853 0.702353 0.854853 1.01235 
-1.20929 -1.14679 -1.07929 -1.00679 -0.929292 -0.846792 -0.759292 -0.666792 -0.569292 -0.466792 -0.359292 -0.246792 -0.129292 -0.00679158 0.120708 0.253208 0.390708 0.533208 0.680708 0.833208 0.990708 
-1.23046 -1.16796 -1.10046 -1.02796 -0.950458 -0.867958 -0.780458 -0.687958 -0.590458 -0.487958 -0.380458 -0.267958 -0.150458 -0.0279584 0.0995416 0.232042 0.369542 0.512042 0.659542 0.812042 0.969542 
-1.25114 -1.18864 -1.12114 -1.04864 -0.971144 -0.888644 -0.801144 -0.708644 -0.611144 -0.508644 -0.401144 -0.288644 -0.171144 -0.0486436 0.0788564 0.211356 0.348856 0.491356 0.638856 0.791356 0.948856 
-1.27134 -1.20884 -1.14134 -1.06884 -0.991344 -0.908844 -0.821344 -0.728844 -0.631344 -0.528844 -0.421344 -0.308844 -0.191344 -0.0688442 0.0586558 0.191156 0.328656 0.471156 0.618656 0.771156 0.928656 
-1.29106 -1.22856 -1.16106 -1.08856 -1.01106 -0.928557 -0.841057 -0.748557 -0.651057 -0.548557 -0.441057 -0.328557 -0.211057 -0.0885574 0.0389426 0.171443 0.308943 0.451443 0.598943 0.751443 0.908943 
-1.31028 -1.24778 -1.18028 -1.10778 -1.03028 -0.947781 -0.860281 -0.767781 -0.670281 -0.567781 -0.460281 -0.347781 -0.230281 -0.107781 0.019719 0.152219 0.289719 0.432219 0.579719 0.732219 0.889719 
-1.32901 -1.26651 -1.19901 -1.12651 -1.04901 -0.966513 -0.879013 -0.786513 -0.689013 -0.586513 -0.479013 -0.366513 -0.249013 -0.126513 0.000986636 0.133487 0.270987 0.413487 0.560987 0.713487 0.870987 
-1.34725 -1.28475 -1.21725 -1.14475 -1.06725 -0.984753 -0.897253 -0.804753 -0.707253 -0.604753 -0.497253 -0.384753 -0.267253 -0.144753 -0.0172533 0.115247 0.252747 0.395247 0.542747 0.695247 0.852747 
-1.365 -1.3025 -1.235 -1.1625 -1.085 -1.0025 -0.915 -0.8225 -0.725 -0.6225 -0.515 -0.4025 -0.285 -0.1625 -0.035 0.0975 0.235 0.3775 0.525 0.6775 0.835 
-1.38225 -1.31975 -1.25225 -1.17975 -1.10225 -1.01975 -0.932253 -0.839753 -0.742253 -0.639753 -0.532253 -0.419753 -0.302253 -0.179753 -0.0522533 0.0802467 0.217747 0.360247 0.507747 0.660247 0.817747 
-1.39901 -1.33651 -1.26901 -1.19651 -1.11901 -1.03651 -0.949013 -0.856513 -0.759013 -0.656513 -0.549013 -0.436513 -0.319013 -0.196513 -0.0690134 0.0634866 0.200987 0.343487 0.490987 0.643487 0.800987 
-1.41528 -1.35278 -1.28528 -1.21278 -1.13528 -1.05278 -0.965281 -0.872781 -0.775281 -0.672781 -0.565281 -0.452781 -0.335281 -0.212781 -0.085281 0.047219 0.184719 0.327219 0.474719 0.627219 0.784719 
-1.43106 -1.36856 -1.30106 -1.22856 -1.15106 -1.06856 -0.981057 -0.888557 -0.791057 -0.688557 -0.581057 -0.468557 -0.351057 -0.228557 -0.101057 0.0314426 0.168943 0.311443 0.458943 0.611443 0.768943 
-1.44634 -1.38384 -1.31634 -1.24384 -1.16634 -1.08384 -0.996344 -0.903844 -0.806344 -0.703844 -0.596344 -0.483844 -0.366344 -0.243844 -0.116344 0.0161558 0.153656 0.296156 0.443656 0.596156 0.753656 
-1.46114 -1.39864 -1.33114 -1.25864 -1.18114 -1.09864 -1.01114 -0.918644 -0.821144 -0.718644 -0.611144 -0.498644 -0.381144 -0.258644 -0.131144 0.00135637 0.138856 0.281356 0.428856 0.581356 0.738856 
-1.47546 -1.41296 -1.34546 -1.27296 -1.19546 -1.11296 -1.02546 -0.932958 -0.835458 -0.732958 -0.625458 -0.512958 -0.395458 -0.272958 -0.145458 -0.0129584 0.124542 0.267042 0.414542 0.567042 0.724542 
-1.48929 -1.42679 -1.35929 -1.28679 -1.20929 -1.12679 -1.03929 -0.946792 -0.849292 -0.746792 -0.639292 -0.526792 -0.409292 -0.286792 -0.159292 -0.0267916 0.110708 0.253208 0.400708 0.553208 0.710708 
-1.50265 -1.44015 -1.37265 -1.30015 -1.22265 -1.14015 -1.05265 -0.960147 -0.862647 -0.760147 -0.652647 -0.540147 -0.422647 -0.300147 -0.172647 -0.0401468 0.0973532 0.239853 0.387353 0.539853 0.697353 
-1.51553 -1.45303 -1.38553 -1.31303 -1.23553 -1.15303 -1.06553 -0.973028 -0.875528 -0.773028 -0.665528 -0.553028 -0.435528 -0.313028 -0.185528 -0.0530283 0.0844717 0.226972 0.374472 0.526972 0.684472 
-1.52794 -1.46544 -1.39794 -1.32544 -1.24794 -1.16544 -1.07794 -0.98544 -0.88794 -0.78544 -0.67794 -0.56544 -0.44794 -0.32544 -0.19794 -0.0654404 0.0720596 0.21456 0.36206 0.51456 0.67206 
-1.53989 -1.47739 -1.40989 -1.33739 -1.25989 -1.17739 -1.08989 -0.997388 -0.899888 -0.797388 -0.689888 -0.577388 -0.459888 -0.337388 -0.209888 -0.0773882 0.0601118 0.202612 0.350112 0.502612 0.660112 
-1.55138 -1.48888 -1.42138 -1.34888 -1.27138 -1.18888 -1.10138 -1.00888 -0.911377 -0.808877 -0.701377 -0.588877 -0.471377 -0.348877 -0.221377 -0.0888773 0.0486227 0.191123 0.338623 0.491123 0.648623 
-1.56241 -1.49991 -1.43241 -1.35991 -1.28241 -1.19991 -1.11241 -1.01991 -0.922414 -0.819914 -0.712414 -0.599914 -0.482414 -0.359914 -0.232414 -0.0999135 0.0375865 0.180086 0.327586 0.480086 0.637586 
-1.573 -1.5105 -1.443 -1.3705 -1.293 -1.2105 -1.123 -1.0305 -0.933003 -0.830503 -0.723003 -0.610503 -0.493003 -0.370503 -0.243003 -0.110503 0.0269967 0.169497 0.316997 0.469497 0.626997 
-1.58315 -1.52065 -1.45315 -1.38065 -1.30315 -1.22065 -1.13315 -1.04065 -0.943153 -0.840653 -0.733153 -0.620653 -0.503153 -0.380653 -0.253153 -0.120653 0.0168467 0.159347 0.306847 0.459347 0.616847 
-1.59287 -1.53037 -1.46287 -1.39037 -1.31287 -1.23037 -1.14287 -1.05037 -0.952871 -0.850371 -0.742871 -0.630371 -0.512871 -0.390371 -0.262871 -0.130371 0.00712899 0.149629 0.297129 0.449629 0.607129 
-1.60216 -1.53966 -1.47216 -1.39966 -1.32216 -1.23966 -1.15216 -1.05966 -0.962164 -0.859664 -0.752164 -0.639664 -0.522164 -0.399664 -0.272164 -0.139664 -0.00216396 0.140336 0.287836 0.440336 0.597836 
-1.61104 -1.54854 -1.48104 -1.40854 -1.33104 -1.24854 -1.16104 -1.06854 -0.97104 -0.86854 -0.76104 -0.64854 -0.53104 -0.40854 -0.28104 -0.14854 -0.0110403 0.13146 0.27896 0.43146 0.58896 
-1.61951 -1.55701 -1.48951 -1.41701 -1.33951 -1.25701 -1.16951 -1.07701 -0.979508 -0.877008 -0.769508 -0.657008 -0.539508 -0.417008 -0.289508 -0.157008 -0.0195085 0.122992 0.270492 0.422992 0.580492 
-1.62758 -1.56508 -1.49758 -1.42508 -1.34758 -1.26508 -1.17758 -1.08508 -0.987578 -0.885078 -0.777578 -0.665078 -0.547578 -0.425078 -0.297578 -0.165078 -0.0275775 0.114922 0.262422 0.414922 0.572422 
-1.63526 -1.57276 -1.50526 -1.43276 -1.35526 -1.27276 -1.18526 -1.09276 -0.995257 -0.892757 -0.785257 -0.672757 -0.555257 -0.432757 -0.305257 -0.172757 -0.0352566 0.107243 0.254743 0.407243 0.564743 
-1.64256 -1.58006 -1.51256 -1.44006 -1.36256 -1.28006 -1.19256 -1.10006 -1.00256 -0.900056 -0.792556 -0.680056 -0.562556 -0.440056 -0.312556 -0.180056 -0.0425555 0.0999445 0.247444 0.399944 0.557444 
-1.64948 -1.58698 -1.51948 -1.44698 -1.36948 -1.28698 -1.19948 -1.10698 -1.00948 -0.906984 -0.799484 -0.686984 -0.569484 -0.446984 -0.319484 -0.186984 -0.0494843 0.0930157 0.240516 0.393016 0.550516 
-1.65605 -1.59355 -1.52605 -1.45355 -1.37605 -1.29355 -1.20605 -1.11355 -1.01605 -0.913553 -0.806053 -0.693553 -0.576053 -0.453553 -0.326053 -0.193553 -0.0560534 0.0864466 0.233947 0.386447 0.543947 
-1.66227 -1.59977 -1.53227 -1.45977 -1.38227 -1.29977 -1.21227 -1.11977 -1.02227 -0.919774 -0.812274 -0.699774 -0.582274 -0.459774 -0.332274 -0.199774 -0.0622736 0.0802264 0.227726 0.380226 0.537726 
-1.66816 -1.60566 -1.53816 -1.46566 -1.38816 -1.30566 -1.21816 -1.12566 -1.02816 -0.925656 -0.818156 -0.705656 -0.588156 -0.465656 -0.338156 -0.205656 -0.0681559 0.0743441 0.221844 0.374344 0.531844 
-1.67371 -1.61121 -1.54371 -1.47121 -1.39371 -1.31121 -1.22371 -1.13121 -1.03371 -0.931212 -0.823712 -0.711212 -0.593712 -0.471212 -0.343712 -0.211212 -0.073712 0.068788 0.216288 0.368788 0.526288 
-1.67895 -1.61645 -1.54895 -1.47645 -1.39895 -1.31645 -1.22895 -1.13645 -1.03895 -0.936454 -0.828954 -0.716454 -0.598954 -0.476454 -0.348954 -0.216454 -0.0789535 0.0635465 0.211046 0.363546 0.521046 
-1.68389 -1.62139 -1.55389 -1.48139 -1.40389 -1.32139 -1.23389 -1.14139 -1.04389 -0.941393 -0.833893 -0.721393 -0.603893 -0.481393 -0.353893 -0.221393 -0.0838926 0.0586074 0.206107 0.358607 0.516107 
-1.68854 -1.62604 -1.55854 -1.48604 -1.40854 -1.32604 -1.23854 -1.14604 -1.04854 -0.946042 -0.838542 -0.726042 -0.608542 -0.486042 -0.358542 -0.226042 -0.0885417 0.0539583 0.201458 0.353958 0.511458 
-1.69291 -1.63041 -1.56291 -1.49041 -1.41291 -1.33041 -1.24291 -1.15041 -1.05291 -0.950413 -0.842913 -0.730413 -0.612913 -0.490413 -0.362913 -0.230413 -0.0929134 0.0495866 0.197087 0.349587 0.507087 
-1.69702 -1.63452 -1.56702 -1.49452 -1.41702 -1.33452 -1.24702 -1.15452 -1.05702 -0.954521 -0.847021 -0.734521 -0.617021 -0.494521 -0.367021 -0.234521 -0.0970207 0.0454793 0.192979 0.345479 0.502979 
-1.70088 -1.63838 -1.57088 -1.49838 -1.42088 -1.33838 -1.25088 -1.15838 -1.06088 -0.958377 -0.850877 -0.738377 -0.620877 -0.498377 -0.370877 -0.238377 -0.100877 0.0416232 0.189123 0.341623 0.499123 
-1.7045 -1.642 -1.5745 -1.502 -1.4245 -1.342 -1.2545 -1.162 -1.0645 -0.961995 -0.854495 -0.741995 -0.624495 -0.501995 -0.374495 -0.241995 -0.104495 0.0380048 0.185505 0.338005 0.495505 
-1.70789 -1.64539 -1.57789 -1.50539 -1.42789 -1.34539 -1.25789 -1.16539 -1.06789 -0.96539 -0.85789 -0.74539 -0.62789 -0.50539 -0.37789 -0.24539 -0.10789 0.0346104 0.18211 0.33461 0.49211 
-1.71107 -1.64857 -1.58107 -1.50857 -1.43107 -1.34857 -1.26107 -1.16857 -1.07107 -0.968574 -0.861074 -0.748574 -0.631074 -0.508574 -0.381074 -0.248574 -0.111074 0.0314261 0.178926 0.331426 0.488926 
-1.71406 -1.65156 -1.58406 -1.51156 -1.43406 -1.35156 -1.26406 -1.17156 -1.07406 -0.971562 -0.864062 -0.751562 -0.634062 -0.511562 -0.384062 -0.251562 -0.114062 0.0284377 0.175938 0.328438 0.485938 
-1.71687 -1.65437 -1.58687 -1.51437 -1.43687 -1.35437 -1.26687 -1.17437 -1.07687 -0.974369 -0.866869 -0.754369 -0.636869 -0.514369 -0.386869 -0.254369 -0.116869 0.025631 0.173131 0.325631 0.483131 
-1.71951 -1.65701 -1.58951 -1.51701 -1.43951 -1.35701 -1.26951 -1.17701 -1.07951 -0.977008 -0.869508 -0.757008 -0.639508 -0.517008 -0.389508 -0.257008 -0.119508 0.0229915 0.170492 0.322992 0.480492 
-1.722 -1.6595 -1.592 -1.5195 -1.442 -1.3595 -1.272 -1.1795 -1.082 -0.979496 -0.871996 -0.759496 -0.641996 -0.519496 -0.391996 -0.259496 -0.121996 0.0205044 0.168004 0.320504 0.478004 
-1.72434 -1.66184 -1.59434 -1.52184 -1.44434 -1.36184 -1.27434 -1.18184 -1.08434 -0.981845 -0.874345 -0.761845 -0.644345 -0.521845 -0.394345 -0.261845 -0.124345 0.0181551 0.165655 0.318155 0.475655 
-1.72657 -1.66407 -1.59657 -1.52407 -1.44657 -1.36407 -1.27657 -1.18407 -1.08657 -0.984072 -0.876572 -0.764072 -0.646572 -0.524072 -0.396572 -0.264072 -0.126572 0.0159284 0.163428 0.315928 0.473428 
-1.72869 -1.66619 -1.59869 -1.52619 -1.44869 -1.36619 -1.27869 -1.18619 -1.08869 -0.986191 -0.878691 -0.766191 -0.648691 -0.526191 -0.398691 -0.266191 -0.128691 0.0138093 0.161309 0.313809 0.471309 
-1.73072 -1.66822 -1.60072 -1.52822 -1.45072 -1.36822 -1.28072 -1.18822 -1.09072 -0.988217 -0.880717 -0.768217 -0.650717 -0.528217 -0.400717 -0.268217 -0.130717 0.0117828 0.159283 0.311783 0.469283 
-1.73267 -1.67017 -1.60267 -1.53017 -1.45267 -1.37017 -1.28267 -1.19017 -1.09267 -0.990167 -0.882667 -0.770167 -0.652667 -0.530167 -0.402667 -0.270167 -0.132667 0.00983338 0.157333 0.309833 0.467333 
-1.73455 -1.67205 -1.60455 -1.53205 -1.45455 -1.37205 -1.28455 -1.19205 -1.09455 -0.992054 -0.884554 -0.772054 -0.654554 -0.532054 -0.404554 -0.272054 -0.134554 0.00794584 0.155446 0.307946 0.465446 
-1.7364 -1.6739 -1.6064 -1.5339 -1.4564 -1.3739 -1.2864 -1.1939 -1.0964 -0.993895 -0.886395 -0.773895 -0.656395 -0.533895 -0.406395 -0.273895 -0.136395 0.00610474 0.153605 0.306105 0.463605 
-1.73821 -1.67571 -1.60821 -1.53571 -1.45821 -1.37571 -1.28821 -1.19571 -1.09821 -0.995705 -0.888205 -0.775705 -0.658205 -0.535705 -0.408205 -0.275705 -0.138205 0.00429462 0.151795 0.304295 0.461795 
-1.74 -1.6775 -1.61 -1.5375 -1.46 -1.3775 -1.29 -1.1975 -1.1 -0.9975 -0.89 -0.7775 -0.66 -0.5375 -0.41 -0.2775 -0.14 0.0025 0.15 0.3025 0.46 
-1.74179 -1.67929 -1.61179 -1.53929 -1.46179 -1.37929 -1.29179 -1.19929 -1.10179 -0.999295 -0.891795 -0.779295 -0.661795 -0.539295 -0.411795 -0.279295 -0.141795 0.00070538 0.148205 0.300705 0.458205 
-1.7436 -1.6811 -1.6136 -1.5411 -1.4636 -1.3811 -1.2936 -1.2011 -1.1036 -1.0011 -0.893605 -0.781105 -0.663605 -0.541105 -0.413605 -0.281105 -0.143605 -0.00110474 0.146395 0.298895 0.456395 
-1.74545 -1.68295 -1.61545 -1.54295 -1.46545 -1.38295 -1.29545 -1.20295 -1.10545 -1.00295 -0.895446 -0.782946 -0.665446 -0.542946 -0.415446 -0.282946 -0.145446 -0.00294584 0.144554 0.297054 0.454554 
-1.74733 -1.68483 -1.61733 -1.54483 -1.46733 -1.38483 -1.29733 -1.20483 -1.10733 -1.00483 -0.897333 -0.784833 -0.667333 -0.544833 -0.417333 -0.284833 -0.147333 -0.00483338 0.142667 0.295167 0.452667 
-1.74928 -1.68678 -1.61928 -1.54678 -1.46928 -1.38678 -1.29928 -1.20678 -1.10928 -1.00678 -0.899283 -0.786783 -0.669283 -0.546783 -0.419283 -0.286783 -0.149283 -0.00678277 0.140717 0.293217 0.450717 
-1.75131 -1.68881 -1.62131 -1.54881 -1.47131 -1.38881 -1.30131 -1.20881 -1.11131 -1.00881 -0.901309 -0.788809 -0.671309 -0.548809 -0.421309 -0.288809 -0.151309 -0.00880934 0.138691 0.291191 0.448691 
-1.75343 -1.69093 -1.62343 -1.55093 -1.47343 -1.39093 -1.30343 -1.21093 -1.11343 -1.01093 -0.903428 -0.790928 -0.673428 -0.550928 -0.423428 -0.290928 -0.153428 -0.0109284 0.136572 0.289072 0.446572 
-1.75566 -1.69316 -1.62566 -1.55316 -1.47566 -1.39316 -1.30566 -1.21316 -1.11566 -1.01316 -0.905655 -0.793155 -0.675655 -0.553155 -0.425655 -0.293155 -0.155655 -0.0131551 0.134345 0.286845 0.444345 
-1.758 -1.6955 -1.628 -1.5555 -1.478 -1.3955 -1.308 -1.2155 -1.118 -1.0155 -0.908004 -0.795504 -0.678004 -0.555504 -0.428004 -0.295504 -0.158004 -0.0155044 0.131996 0.284496 0.441996 
-1.76049 -1.69799 -1.63049 -1.55799 -1.48049 -1.39799 -1.31049 -1.21799 -1.12049 -1.01799 -0.910492 -0.797992 -0.680492 -0.557992 -0.430492 -0.297992 -0.160492 -0.0179915 0.129508 0.282008 0.439508 
-1.76313 -1.70063 -1.63313 -1.56063 -1.48313 -1.40063 -1.31313 -1.22063 -1.12313 -1.02063 -0.913131 -0.800631 -0.683131 -0.560631 -0.433131 -0.300631 -0.163131 -0.020631 0.126869 0.279369 0.436869 
-1.76594 -1.70344 -1.63594 -1.56344 -1.48594 -1.40344 -1.31594 -1.22344 -1.12594 -1.02344 -0.915938 -0.803438 -0.685938 -0.563438 -0.435938 -0.303438 -0.165938 -0.0234377 0.124062 0.276562 0.434062 
-1.76893 -1.70643 -1.63893 -1.56643 -1.48893 -1.40643 -1.31893 -1.22643 -1.12893 -1.02643 -0.918926 -0.806426 -0.688926 -0.566426 -0.438926 -0.306426 -0.168926 -0.0264261 0.121074 0.273574 0.431074 
-1.77211 -1.70961 -1.64211 -1.56961 -1.49211 -1.40961 -1.32211 -1.22961 -1.13211 -1.02961 -0.92211 -0.80961 -0.69211 -0.56961 -0.44211 -0.30961 -0.17211 -0.0296104 0.11789 0.27039 0.42789 
-1.7755 -1.713 -1.6455 -1.573 -1.4955 -1.413 -1.3255 -1.233 -1.1355 -1.033 -0.925505 -0.813005 -0.695505 -0.573005 -0.445505 -0.313005 -0.175505 -0.0330048 0.114495 0.266995 0.424495 
-1.77912 -1.71662 -1.64912 -1.57662 -1.49912 -1.41662 -1.32912 -1.23662 -1.13912 -1.03662 -0.929123 -0.816623 -0.699123 -0.576623 -0.449123 -0.316623 -0.179123 -0.0366232 0.110877 0.263377 0.420877 
-1.78298 -1.72048 -1.65298 -1.58048 -1.50298 -1.42048 -1.33298 -1.24048 -1.14298 -1.04048 -0.932979 -0.820479 -0.702979 -0.580479 -0.452979 -0.320479 -0.182979 -0.0404793 0.107021 0.259521 0.417021 
-1.78709 -1.72459 -1.65709 -1.58459 -1.50709 -1.42459 -1.33709 -1.24459 -1.14709 -1.04459 -0.937087 -0.824587 -0.707087 -0.584587 -0.457087 -0.324587 -0.187087 -0.0445866 0.102913 0.255413 0.412913 
-1.79146 -1.72896 -1.66146 -1.58896 -1.51146 -1.42896 -1.34146 -1.24896 -1.15146 -1.04896 -0.941458 -0.828958 -0.711458 -0.588958 -0.461458 -0.328958 -0.191458 -0.0489583 0.0985417 0.251042 0.408542 
-1.79611 -1.73361 -1.66611 -1.59361 -1.51611 -1.43361 -1.34611 -1.25361 -1.15611 -1.05361 -0.946107 -0.833607 -0.716107 -0.593607 -0.466107 -0.333607 -0.196107 -0.0536074 0.0938926 0.246393 0.403893 
-1.80105 -1.73855 -1.67105 -1.59855 -1.52105 -1.43855 -1.35105 -1.25855 -1.16105 -1.05855 -0.951046 -0.838546 -0.721046 -0.598546 -0.471046 -0.338546 -0.201046 -0.0585465 0.0889535 0.241454 0.398954 
-1.80629 -1.74379 -1.67629 -1.60379 -1.52629 -1.44379 -1.35629 -1.26379 -1.16629 -1.06379 -0.956288 -0.843788 -0.726288 -0.603788 -0.476288 -0.343788 -0.206288 -0.063788 0.083712 0.236212 0.393712 
-1.81184 -1.74934 -1.68184 -1.60934 -1.53184 -1.44934 -1.36184 -1.26934 -1.17184 -1.06934 -0.961844 -0.849344 -0.731844 -0.609344 -0.481844 -0.349344 -0.211844 -0.0693441 0.0781559 0.230656 0.388156 
-1.81773 -1.75523 -1.68773 -1.61523 -1.53773 -1.45523 -1.36773 -1.27523 -1.17773 -1.07523 -0.967726 -0.855226 -0.737726 -0.615226 -0.487726 -0.355226 -0.217726 -0.0752264 0.0722736 0.224774 0.382274 
-1.82395 -1.76145 -1.69395 -1.62145 -1.54395 -1.46145 -1.37395 -1.28145 -1.18395 -1.08145 -0.973947 -0.861447 -0.743947 -0.621447 -0.493947 -0.361447 -0.223947 -0.0814466 0.0660534 0.218553 0.376053 
-1.83052 -1.76802 -1.70052 -1.62802 -1.55052 -1.46802 -1.38052 -1.28802 -1.19052 -1.08802 -0.980516 -0.868016 -0.750516 -0.628016 -0.500516 -0.368016 -0.230516 -0.0880157 0.0594843 0.211984 0.369484 
-1.83744 -1.77494 -1.70744 -1.63494 -1.55744 -1.47494 -1.38744 -1.29494 -1.19744 -1.09494 -0.987444 -0.874944 -0.757444 -0.634944 -0.507444 -0.374944 -0.237444 -0.0949445 0.0525555 0.205056 0.362556 
-1.84474 -1.78224 -1.71474 -1.64224 -1.56474 -1.48224 -1.39474 -1.30224 -1.20474 -1.10224 -0.994743 -0.882243 -0.764743 -0.642243 -0.514743 -0.382243 -0.244743 -0.102243 0.0452566 0.197757 0.355257 
-1.85242 -1.78992 -1.72242 -1.64992 -1.57242 -1.48992 -1.40242 -1.30992 -1.21242 -1.10992 -1.00242 -0.889922 -0.772422 -0.649922 -0.522422 -0.389922 -0.252422 -0.109922 0.0375775 0.190078 0.347578 
-1.86049 -1.79799 -1.73049 -1.65799 -1.58049 -1.49799 -1.41049 -1.31799 -1.22049 -1.11799 -1.01049 -0.897992 -0.780492 -0.657992 -0.530492 -0.397992 -0.260492 -0.117992 0.0295085 0.182008 0.339508 
-1.86896 -1.80646 -1.73896 -1.66646 -1.58896 -1.50646 -1.41896 -1.32646 -1.22896 -1.12646 -1.01896 -0.90646 -0.78896 -0.66646 -0.53896 -0.40646 -0.26896 -0.12646 0.0210403 0.17354 0.33104 
-1.87784 -1.81534 -1.74784 -1.67534 -1.59784 -1.51534 -1.42784 -1.33534 -1.23784 -1.13534 -1.02784 -0.915336 -0.797836 -0.675336 -0.547836 -0.415336 -0.277836 -0.135336 0.012164 0.164664 0.322164 
-1.88713 -1.82463 -1.75713 -1.68463 -1.60713 -1.52463 -1.43713 -1.34463 -1.24713 -1.14463 -1.03713 -0.924629 -0.807129 -0.684629 -0.557129 -0.424629 -0.287129 -0.144629 0.00287101 0.155371 0.312871 
-1.89685 -1.83435 -1.76685 -1.69435 -1.61685 -1.53435 -1.44685 -1.35435 -1.25685 -1.15435 -1.04685 -0.934347 -0.816847 -0.694347 -0.566847 -0.434347 -0.296847 -0.154347 -0.00684666 0.145653 0.303153 
-1.907 -1.8445 -1.777 -1.7045 -1.627 -1.5445 -1.457 -1.3645 -1.267 -1.1645 -1.057 -0.944497 -0.826997 -0.704497 -0.576997 -0.444497 -0.306997 -0.164497 -0.0169967 0.135503 0.293003 
-1.91759 -1.85509 -1.78759 -1.71509 -1.63759 -1.55509 -1.46759 -1.37509 -1.27759 -1.17509 -1.06759 -0.955086 -0.837586 -0.715086 -0.587586 -0.455086 -0.317586 -0.175086 -0.0275865 0.124914 0.282414 
-1.92862 -1.86612 -1.79862 -1.72612 -1.64862 -1.56612 -1.47862 -1.38612 -1.28862 -1.18612 -1.07862 -0.966123 -0.848623 -0.726123 -0.598623 -0.466123 -0.328623 -0.186123 -0.0386227 0.113877 0.271377 
-1.94011 -1.87761 -1.81011 -1.73761 -1.66011 -1.57761 -1.49011 -1.39761 -1.30011 -1.19761 -1.09011 -0.977612 -0.860112 -0.737612 -0.610112 -0.477612 -0.340112 -0.197612 -0.0501118 0.102388 0.259888 
-1.95206 -1.88956 -1.82206 -1.74956 -1.67206 -1.58956 -1.50206 -1.40956 -1.31206 -1.20956 -1.10206 -0.98956 -0.87206 -0.74956 -0.62206 -0.48956 -0.35206 -0.20956 -0.0620596 0.0904404 0.24794 
-1.96447 -1.90197 -1.83447 -1.76197 -1.68447 -1.60197 -1.51447 -1.42197 -1.32447 -1.22197 -1.11447 -1.00197 -0.884472 -0.761972 -0.634472 -0.501972 -0.364472 -0.221972 -0.0744717 0.0780283 0.235528 
-1.97735 -1.91485 -1.84735 -1.77485 -1.69735 -1.61485 -1.52735 -1.43485 -1.33735 -1.23485 -1.12735 -1.01485 -0.897353 -0.774853 -0.647353 -0.514853 -0.377353 -0.234853 -0.0873532 0.0651468 0.222647 
-1.99071 -1.92821 -1.86071 -1.78821 -1.71071 -1.62821 -1.54071 -1.44821 -1.35071 -1.24821 -1.14071 -1.02821 -0.910708 -0.788208 -0.660708 -0.528208 -0.390708 -0.248208 -0.100708 0.0517916 0.209292 
-2.00454 -1.94204 -1.87454 -1.80204 -1.72454 -1.64204 -1.55454 -1.46204 -1.36454 -1.26204 -1.15454 -1.04204 -0.924542 -0.802042 -0.674542 -0.542042 -0.404542 -0.262042 -0.114542 0.0379584 0.195458 
-2.01886 -1.95636 -1.88886 -1.81636 -1.73886 -1.65636 -1.56886 -1.47636 -1.37886 -1.27636 -1.16886 -1.05636 -0.938856 -0.816356 -0.688856 -0.556356 -0.418856 -0.276356 -0.128856 0.0236436 0.181144 
-2.03366 -1.97116 -1.90366 -1.83116 -1.75366 -1.67116 -1.58366 -1.49116 -1.39366 -1.29116 -1.18366 -1.07116 -0.953656 -0.831156 -0.703656 -0.571156 -0.433656 -0.291156 -0.143656 0.00884417 0.166344 
-2.04894 -1.98644 -1.91894 -1.84644 -1.76894 -1.68644 -1.59894 -1.50644 -1.40894 -1.30644 -1.19894 -1.08644 -0.968943 -0.846443 -0.718943 -0.586443 -0.448943 -0.306443 -0.158943 -0.00644265 0.151057 
-2.06472 -2.00222 -1.93472 -1.86222 -1.78472 -1.70222 -1.61472 -1.52222 -1.42472 -1.32222 -1.21472 -1.10222 -0.984719 -0.862219 -0.734719 -0.602219 -0.464719 -0.322219 -0.174719 -0.022219 0.135281 
-2.08099 -2.01849 -1.95099 -1.87849 -1.80099 -1.71849 -1.63099 -1.53849 -1.44099 -1.33849 -1.23099 -1.11849 -1.00099 -0.878487 -0.750987 -0.618487 -0.480987 -0.338487 -0.190987 -0.0384866 0.119013 
-2.09775 -2.03525 -1.96775 -1.89525 -1.81775 -1.73525 -1.64775 -1.55525 -1.45775 -1.35525 -1.24775 -1.13525 -1.01775 -0.895247 -0.767747 -0.635247 -0.497747 -0.355247 -0.207747 -0.0552467 0.102253 
-2.115 -2.0525 -1.985 -1.9125 -1.835 -1.7525 -1.665 -1.5725 -1.475 -1.3725 -1.265 -1.1525 -1.035 -0.9125 -0.785 -0.6525 -0.515 -0.3725 -0.225 -0.0725 0.085 
-2.13275 -2.07025 -2.00275 -1.93025 -1.85275 -1.77025 -1.68275 -1.59025 -1.49275 -1.39025 -1.28275 -1.17025 -1.05275 -0.930247 -0.802747 -0.670247 -0.532747 -0.390247 -0.242747 -0.0902467 0.0672533 
-2.15099 -2.08849 -2.02099 -1.94849 -1.87099 -1.78849 -1.70099 -1.60849 -1.51099 -1.40849 -1.30099 -1.18849 -1.07099 -0.948487 -0.820987 -0.688487 -0.550987 -0.408487 -0.260987 -0.108487 0.0490134 
-2.16972 -2.10722 -2.03972 -1.96722 -1.88972 -1.80722 -1.71972 -1.62722 -1.52972 -1.42722 -1.31972 -1.20722 -1.08972 -0.967219 -0.839719 -0.707219 -0.569719 -0.427219 -0.279719 -0.127219 0.030281 
-2.18894 -2.12644 -2.05894 -1.98644 -1.90894 -1.82644 -1.73894 -1.64644 -1.54894 -1.44644 -1.33894 -1.22644 -1.10894 -0.986443 -0.858943 -0.726443 -0.588943 -0.446443 -0.298943 -0.146443 0.0110574 
-2.20866 -2.14616 -2.07866 -2.00616 -1.92866 -1.84616 -1.75866 -1.66616 -1.56866 -1.46616 -1.35866 -1.24616 -1.12866 -1.00616 -0.878656 -0.746156 -0.608656 -0.466156 -0.318656 -0.166156 -0.00865583 
-2.22886 -2.16636 -2.09886 -2.02636 -1.94886 -1.86636 -1.77886 -1.68636 -1.58886 -1.48636 -1.37886 -1.26636 -1.14886 -1.02636 -0.898856 -0.766356 -0.628856 -0.486356 -0.338856 -0.186356 -0.0288564 
-2.24954 -2.18704 -2.11954 -2.04704 -1.96954 -1.88704 -1.79954 -1.70704 -1.60954 -1.50704 -1.39954 -1.28704 -1.16954 -1.04704 -0.919542 -0.787042 -0.649542 -0.507042 -0.359542 -0.207042 -0.0495416 
-2.27071 -2.20821 -2.14071 -2.06821 -1.99071 -1.90821 -1.82071 -1.72821 -1.63071 -1.52821 -1.42071 -1.30821 -1.19071 -1.06821 -0.940708 -0.808208 -0.670708 -0.528208 -0.380708 -0.228208 -0.0707084 
-2.29235 -2.22985 -2.16235 -2.08985 -2.01235 -1.92985 -1.84235 -1.74985 -1.65235 -1.54985 -1.44235 -1.32985 -1.21235 -1.08985 -0.962353 -0.829853 -0.692353 -0.549853 -0.402353 -0.249853 -0.0923532 
-2.31447 -2.25197 -2.18447 -2.11197 -2.03447 -1.95197 -1.86447 -1.77197 -1.67447 -1.57197 -1.46447 -1.35197 -1.23447 -1.11197 -0.984472 -0.851972 -0.714472 -0.571972 -0.424472 -0.271972 -0.114472 
-2.33706 -2.27456 -2.20706 -2.13456 -2.05706 -1.97456 -1.88706 -1.79456 -1.69706 -1.59456 -1.48706 -1.37456 -1.25706 -1.13456 -1.00706 -0.87456 -0.73706 -0.59456 -0.44706 -0.29456 -0.13706 
-2.36011 -2.29761 -2.23011 -2.15761 -2.08011 -1.99761 -1.91011 -1.81761 -1.72011 -1.61761 -1.51011 -1.39761 -1.28011 -1.15761 -1.03011 -0.897612 -0.760112 -0.617612 -0.470112 -0.317612 -0.160112 
-2.38362 -2.32112 -2.25362 -2.18112 -2.10362 -2.02112 -1.93362 -1.84112 -1.74362 -1.64112 -1.53362 -1.42112 -1.30362 -1.18112 -1.05362 -0.921123 -0.783623 -0.641123 -0.493623 -0.341123 -0.183623 
-2.40759 -2.34509 -2.27759 -2.20509 -2.12759 -2.04509 -1.95759 -1.86509 -1.76759 -1.66509 -1.55759 -1.44509 -1.32759 -1.20509 -1.07759 -0.945086 -0.807586 -0.665086 -0.517586 -0.365086 -0.207586 
-2.432 -2.3695 -2.302 -2.2295 -2.152 -2.0695 -1.982 -1.8895 -1.792 -1.6895 -1.582 -1.4695 -1.352 -1.2295 -1.102 -0.969497 -0.831997 -0.689497 -0.541997 -0.389497 -0.231997 
-2.45685 -2.39435 -2.32685 -2.25435 -2.17685 -2.09435 -2.00685 -1.91435 -1.81685 -1.71435 -1.60685 -1.49435 -1.37685 -1.25435 -1.12685 -0.994347 -0.856847 -0.714347 -0.566847 -0.414347 -0.256847 
-2.48213 -2.41963 -2.35213 -2.27963 -2.20213 -2.11963 -2.03213 -1.93963 -1.84213 -1.73963 -1.63213 -1.51963 -1.40213 -1.27963 -1.15213 -1.01963 -0.882129 -0.739629 -0.592129 -0.439629 -0.282129 
-2.50784 -2.44534 -2.37784 -2.30534 -2.22784 -2.14534 -2.05784 -1.96534 -1.86784 -1.76534 -1.65784 -1.54534 -1.42784 -1.30534 -1.17784 -1.04534 -0.907836 -0.765336 -0.617836 -0.465336 -0.307836 
-2.53396 -2.47146 -2.40396 -2.33146 -2.25396 -2.17146 -2.08396 -1.99146 -1.89396 -1.79146 -1.68396 -1.57146 -1.45396 -1.33146 -1.20396 -1.07146 -0.93396 -0.79146 -0.64396 -0.49146 -0.33396 
-2.56049 -2.49799 -2.43049 -2.35799 -2.28049 -2.19799 -2.11049 -2.01799 -1.92049 -1.81799 -1.71049 -1.59799 -1.48049 -1.35799 -1.23049 -1.09799 -0.960492 -0.817992 -0.670492 -0.517992 -0.360492 
-2.58742 -2.52492 -2.45742 -2.38492 -2.30742 -2.22492 -2.13742 -2.04492 -1.94742 -1.84492 -1.73742 -1.62492 -1.50742 -1.38492 -1.25742 -1.12492 -0.987422 -0.844922 -0.697422 -0.544922 -0.387422 
-2.61474 -2.55224 -2.48474 -2.41224 -2.33474 -2.25224 -2.16474 -2.07224 -1.97474 -1.87224 -1.76474 -1.65224 -1.53474 -1.41224 -1.28474 -1.15224 -1.01474 -0.872243 -0.724743 -0.572243 -0.414743 
-2.64244 -2.57994 -2.51244 -2.43994 -2.36244 -2.27994 -2.19244 -2.09994 -2.00244 -1.89994 -1.79244 -1.67994 -1.56244 -1.43994 -1.31244 -1.17994 -1.04244 -0.899944 -0.752444 -0.599944 -0.442444 
-2.67052 -2.60802 -2.54052 -2.46802 -2.39052 -2.30802 -2.22052 -2.12802 -2.03052 -1.92802 -1.82052 -1.70802 -1.59052 -1.46802 -1.34052 -1.20802 -1.07052 -0.928016 -0.780516 -0.628016 -0.470516 
-2.69895 -2.63645 -2.56895 -2.49645 -2.41895 -2.33645 -2.24895 -2.15645 -2.05895 -1.95645 -1.84895 -1.73645 -1.61895 -1.49645 -1.36895 -1.23645 -1.09895 -0.956447 -0.808947 -0.656447 -0.498947 
-2.72773 -2.66523 -2.59773 -2.52523 -2.44773 -2.36523 -2.27773 -2.18523 -2.08773 -1.98523 -1.87773 -1.76523 -1.64773 -1.52523 -1.39773 -1.26523 -1.12773 -0.985226 -0.837726 -0.685226 -0.527726 
-2.75684 -2.69434 -2.62684 -2.55434 -2.47684 -2.39434 -2.30684 -2.21434 -2.11684 -2.01434 -1.90684 -1.79434 -1.67684 -1.55434 -1.42684 -1.29434 -1.15684 -1.01434 -0.866844 -0.714344 -0.556844 
-2.78629 -2.72379 -2.65629 -2.58379 -2.50629 -2.42379 -2.33629 -2.24379 -2.14629 -2.04379 -1.93629 -1.82379 -1.70629 -1.58379 -1.45629 -1.32379 -1.18629 -1.04379 -0.896288 -0.743788 -0.586288 
-2.81605 -2.75355 -2.68605 -2.61355 -2.53605 -2.45355 -2.36605 -2.27355 -2.17605 -2.07355 -1.96605 -1.85355 -1.73605 -1.61355 -1.48605 -1.35355 -1.21605 -1.07355 -0.926046 -0.773546 -0.616046 
-2.84611 -2.78361 -2.71611 -2.64361 -2.56611 -2.48361 -2.39611 -2.30361 -2.20611 -2.10361 -1.99611 -1.88361 -1.76611 -1.64361 -1.51611 -1.38361 -1.24611 -1.10361 -0.956107 -0.803607 -0.646107 
-2.87646 -2.81396 -2.74646 -2.67396 -2.59646 -2.51396 -2.42646 -2.33396 -2.23646 -2.13396 -2.02646 -1.91396 -1.79646 -1.67396 -1.54646 -1.41396 -1.27646 -1.13396 -0.986458 -0.833958 -0.676458 
-2.90709 -2.84459 -2.77709 -2.70459 -2.62709 -2.54459 -2.45709 -2.36459 -2.26709 -2.16459 -2.05709 -1.94459 -1.82709 -1.70459 -1.57709 -1.44459 -1.30709 -1.16459 -1.01709 -0.864587 -0.707087 
-2.93798 -2.87548 -2.80798 -2.73548 -2.65798 -2.57548 -2.48798 -2.39548 -2.29798 -2.19548 -2.08798 -1.97548 -1.85798 -1.73548 -1.60798 -1.47548 -1.33798 -1.19548 -1.04798 -0.895479 -0.737979 
-2.96912 -2.90662 -2.83912 -2.76662 -2.68912 -2.60662 -2.51912 -2.42662 -2.32912 -2.22662 -2.11912 -2.00662 -1.88912 -1.76662 -1.63912 -1.50662 -1.36912 -1.22662 -1.07912 -0.926623 -0.769123 
-3.0005 -2.938 -2.8705 -2.798 -2.7205 -2.638 -2.5505 -2.458 -2.3605 -2.258 -2.1505 -2.038 -1.9205 -1.798 -1.6705 -1.538 -1.4005 -1.258 -1.1105 -0.958005 -0.800505 
-3.03211 -2.96961 -2.90211 -2.82961 -2.75211 -2.66961 -2.58211 -2.48961 -2.39211 -2.28961 -2.18211 -2.06961 -1.95211 -1.82961 -1.70211 -1.56961 -1.43211 -1.28961 -1.14211 -0.98961 -0.83211 
-3.06393 -3.00143 -2.93393 -2.86143 -2.78393 -2.70143 -2.61393 -2.52143 -2.42393 -2.32143 -2.21393 -2.10143 -1.98393 -1.86143 -1.73393 -1.60143 -1.46393 -1.32143 -1.17393 -1.02143 -0.863926 
-3.09594 -3.03344 -2.96594 -2.89344 -2.81594 -2.73344 -2.64594 -2.55344 -2.45594 -2.35344 -2.24594 -2.13344 -2.01594 -1.89344 -1.76594 -1.63344 -1.49594 -1.35344 -1.20594 -1.05344 -0.895938 
-3.12813 -3.06563 -2.99813 -2.92563 -2.84813 -2.76563 -2.67813 -2.58563 -2.48813 -2.38563 -2.27813 -2.16563 -2.04813 -1.92563 -1.79813 -1.66563 -1.52813 -1.38563 -1.23813 -1.08563 -0.928131 
-3.16049 -3.09799 -3.03049 -2.95799 -2.88049 -2.79799 -2.71049 -2.61799 -2.52049 -2.41799 -2.31049 -2.19799 -2.08049 -1.95799 -1.83049 -1.69799 -1.56049 -1.41799 -1.27049 -1.11799 -0.960492 
-3.193 -3.1305 -3.063 -2.9905 -2.913 -2.8305 -2.743 -2.6505 -2.553 -2.4505 -2.343 -2.2305 -2.113 -1.9905 -1.863 -1.7305 -1.593 -1.4505 -1.303 -1.1505 -0.993004 
-3.22566 -3.16316 -3.09566 -3.02316 -2.94566 -2.86316 -2.77566 -2.68316 -2.58566 -2.48316 -2.37566 -2.26316 -2.14566 -2.02316 -1.89566 -1.76316 -1.62566 -1.48316 -1.33566 -1.18316 -1.02566 
-3.25843 -3.19593 -3.12843 -3.05593 -2.97843 -2.89593 -2.80843 -2.71593 -2.61843 -2.51593 -2.40843 -2.29593 -2.17843 -2.05593 -1.92843 -1.79593 -1.65843 -1.51593 -1.36843 -1.21593 -1.05843 
-3.29131 -3.22881 -3.16131 -3.08881 -3.01131 -2.92881 -2.84131 -2.74881 -2.65131 -2.54881 -2.44131 -2.32881 -2.21131 -2.08881 -1.96131 -1.82881 -1.69131 -1.54881 -1.40131 -1.24881 -1.09131 
-3.32428 -3.26178 -3.19428 -3.12178 -3.04428 -2.96178 -2.87428 -2.78178 -2.68428 -2.58178 -2.47428 -2.36178 -2.24428 -2.12178 -1.99428 -1.86178 -1.72428 -1.58178 -1.43428 -1.28178 -1.12428 
-3.35733 -3.29483 -3.22733 -3.15483 -3.07733 -2.99483 -2.90733 -2.81483 -2.71733 -2.61483 -2.50733 -2.39483 -2.27733 -2.15483 -2.02733 -1.89483 -1.75733 -1.61483 -1.46733 -1.31483 -1.15733 
-3.39045 -3.32795 -3.26045 -3.18795 -3.11045 -3.02795 -2.94045 -2.84795 -2.75045 -2.64795 -2.54045 -2.42795 -2.31045 -2.18795 -2.06045 -1.92795 -1.79045 -1.64795 -1.50045 -1.34795 -1.19045 
-3.4236 -3.3611 -3.2936 -3.2211 -3.1436 -3.0611 -2.9736 -2.8811 -2.7836 -2.6811 -2.5736 -2.4611 -2.3436 -2.2211 -2.0936 -1.9611 -1.8236 -1.6811 -1.5336 -1.3811 -1.2236 
-3.45679 -3.39429 -3.32679 -3.25429 -3.17679 -3.09429 -3.00679 -2.91429 -2.81679 -2.71429 -2.60679 -2.49429 -2.37679 -2.25429 -2.12679 -1.99429 -1.85679 -1.71429 -1.56679 -1.41429 -1.25679 
-3.49 -3.4275 -3.36 -3.2875 -3.21 -3.1275 -3.04 -2.9475 -2.85 -2.7475 -2.64 -2.5275 -2.41 -2.2875 -2.16 -2.0275 -1.89 -1.7475 -1.6 -1.4475 -1.29 
